15 300 3180
0 0 541.275 213.805
1 0 547.112 211.188
2 0 544.433 211.478
3 0 546.404 213.735
4 0 539.951 214.756
5 0 534.928 211.064
6 0 543.6 210.239
7 0 543.005 209.921
8 0 536.645 207.498
9 0 540.708 210.465
10 0 535.802 213.546
11 0 542.542 209.578
12 0 540.765 210.338
13 0 538.497 208.323
14 0 545.164 215.165
0 1 80.3335 344.554
1 1 82.4736 344.788
2 1 80.1452 354.728
3 1 78.6788 347.828
4 1 83.2459 346.783
5 1 73.0146 346.469
6 1 75.6678 347.116
7 1 84.5298 346.926
8 1 78.0897 351.514
9 1 82.3609 345.638
10 1 78.4317 349.587
11 1 80.8569 353.631
12 1 82.8332 346.739
13 1 78.055 348.16
14 1 76.9928 351.793
0 2 118.317 319.844
1 2 117.459 316.273
2 2 125.87 319.254
3 2 117.254 320.784
4 2 119.289 322.341
5 2 121.885 318.516
6 2 121.516 322.386
7 2 121.214 322.843
8 2 119.028 321.335
9 2 114.466 323.777
10 2 118.782 321.872
11 2 120.758 318.273
12 2 113.066 324.445
13 2 124.641 326.26
14 2 122.42 323.319
0 3 428.057 230.308
1 3 427.452 232.102
2 3 423.869 234.263
3 3 427.407 234.328
4 3 428.543 233.146
5 3 426.684 229.63
6 3 430.993 228.277
7 3 428.945 233.766
8 3 422.713 232.244
9 3 429.093 237.656
10 3 428.391 231.011
11 3 429.058 231.999
12 3 427.413 233.247
13 3 428.446 230.652
14 3 423.483 238.03
0 5 485.491 271.578
1 5 485.524 279.95
2 5 485.08 276.654
3 5 486.272 276.757
4 5 484.24 277.245
5 5 488.978 272.696
6 5 485.304 275.262
7 5 485.476 271.265
8 5 488.769 272.348
9 5 484.018 273.452
10 5 486.766 276.429
11 5 485.866 271.612
12 5 485.584 273.661
13 5 488.893 274.196
14 5 487.619 273.281
0 7 602.051 124.654
1 7 601.174 126.845
2 7 594.201 131.281
3 7 606.543 128.19
4 7 607.441 122.752
5 7 603.447 131.733
6 7 599.111 128.271
7 7 603.258 127.962
8 7 599.242 127.025
9 7 602.789 132.11
10 7 600.644 119.441
11 7 602.323 127.618
12 7 604.526 134.977
13 7 600.265 129.584
14 7 598.22 129.386
0 9 40.8962 401.048
1 9 43.1542 406.661
2 9 45.8668 395.98
3 9 46.8672 399.577
4 9 41.7364 401.761
5 9 52.2109 401.585
6 9 50.9205 397.721
7 9 50.8484 396.08
8 9 50.068 395.424
9 9 50.7488 402.436
10 9 50.112 394.699
11 9 48.2293 399.689
12 9 44.1718 401.925
13 9 38.2108 400.601
14 9 47.874 397.289
0 10 417.13 335.726
1 10 417.956 337.52
2 10 418.123 339.979
3 10 414.886 334.915
4 10 418.226 333.59
5 10 420.683 340.211
6 10 413.501 336.396
7 10 413.594 336.576
8 10 417.611 337.666
9 10 420.8 334.012
10 10 413.188 332.261
11 10 412.909 337.594
12 10 419.952 335.25
13 10 417.01 337.394
14 10 419.211 336.157
0 11 340.458 281.27
1 11 343.552 282.432
2 11 343.496 276.272
3 11 339.432 282.95
4 11 341.225 281.062
5 11 341.2 284.672
6 11 343.18 283.144
7 11 341.99 278.256
8 11 344.119 281.636
9 11 339.97 282.135
10 11 342.2 284.351
11 11 335.614 279.776
12 11 345.408 280.572
13 11 344.673 286.218
14 11 343.955 278.449
0 12 144.634 381.277
1 12 147.087 374.351
2 12 142.484 376.037
3 12 144.447 376.31
4 12 143.776 377.87
5 12 140.77 378.006
6 12 142.51 378.786
7 12 146.356 372.559
8 12 137.986 374.722
9 12 142.956 374.776
10 12 137.49 380.202
11 12 140.559 369.672
12 12 146.182 373.41
13 12 136.449 375.856
14 12 139.971 377.686
0 13 532.914 249.415
1 13 537.298 251.049
2 13 532.909 248.181
3 13 534.157 249.302
4 13 536.194 251.881
5 13 537.114 247.428
6 13 538.781 248.488
7 13 529.621 248.846
8 13 535.484 247.644
9 13 537.259 240.797
10 13 534.295 247.415
11 13 535.029 244.864
12 13 534.382 244.423
13 13 536.833 247.119
14 13 532.852 249.301
0 14 130.111 351.449
1 14 127.644 355.976
2 14 127.859 352.935
3 14 129.475 356.065
4 14 128.596 359.553
5 14 128.194 351.33
6 14 128.469 356.323
7 14 134.825 353.081
8 14 127.871 356.01
9 14 130.65 355.273
10 14 125.541 356.987
11 14 129.484 353.162
12 14 132.194 358.54
13 14 128.87 352.687
14 14 127.929 352.727
0 16 348.108 384.637
1 16 342.908 390.556
2 16 346.164 387.497
3 16 338.846 384.06
4 16 347.892 392.894
5 16 343.75 384.744
6 16 350.659 386.525
7 16 353.923 386.574
8 16 348.994 388.072
9 16 349.399 387.599
10 16 348.223 387.282
11 16 343.417 384.276
12 16 346.398 387.085
13 16 345.101 380.569
14 16 343.366 394.52
0 17 480.866 141.687
1 17 482.164 146.208
2 17 473.198 140.409
3 17 475.857 138.43
4 17 478.778 144.373
5 17 479.338 139.101
6 17 478.115 140.745
7 17 477.961 136.183
8 17 478.619 141.643
9 17 477.243 141.483
10 17 477.906 131.901
11 17 483.854 144.707
12 17 473.477 140.798
13 17 481.373 138.72
14 17 478.498 141.055
0 21 355.224 180.99
1 21 354.066 180.761
2 21 356.222 180.527
3 21 349.946 181.446
4 21 354.566 184.352
5 21 353.367 178.073
6 21 354.075 187.615
7 21 349.018 182.218
8 21 353.299 180.611
9 21 349.74 182.851
10 21 349.654 184.847
11 21 350.573 180.997
12 21 348.326 179.387
13 21 353.134 179.46
14 21 345.727 183.265
0 22 332.091 318.538
1 22 331.07 315.043
2 22 334.241 313.916
3 22 332.097 313.529
4 22 328.502 324.07
5 22 337.024 316.718
6 22 334.046 320.131
7 22 330.497 321.25
8 22 336.571 319.617
9 22 329.068 312.819
10 22 333.812 317.397
11 22 333.083 319.252
12 22 331.243 315.86
13 22 328.63 323.538
14 22 332.476 319.875
0 25 507.781 182.6
1 25 513.65 184.624
2 25 509.649 180.427
3 25 508.432 180.069
4 25 509.594 184.914
5 25 508.46 182.156
6 25 514.489 181.535
7 25 506.435 182.941
8 25 509.8 178.233
9 25 514.475 177.741
10 25 514.938 178.611
11 25 507.995 183.832
12 25 514.055 184.229
13 25 517.94 178.171
14 25 515.339 181.228
0 26 475.292 203.103
1 26 472.519 198.669
2 26 473.925 201.162
3 26 475.38 195.594
4 26 470.187 196.189
5 26 473.812 199.038
6 26 477.156 199.837
7 26 477.047 198.523
8 26 480.388 202.213
9 26 475.676 199.492
10 26 475.39 200.463
11 26 475.573 202.465
12 26 475.352 198.449
13 26 475.476 201.67
14 26 472.619 204.893
0 28 106.908 195.251
1 28 106.501 189.318
2 28 109.633 196.009
3 28 111.138 194.248
4 28 106.254 193.418
5 28 104.588 197.57
6 28 101.117 192.867
7 28 106.644 195.087
8 28 104.522 198.166
9 28 105.753 197.613
10 28 108.179 198.273
11 28 110.65 193.666
12 28 106.117 187.739
13 28 110.864 196.194
14 28 105.809 195.045
0 29 463.783 196.632
1 29 464.593 205.921
2 29 468.914 201.001
3 29 467.699 203.763
4 29 463.618 197.862
5 29 460.988 201.327
6 29 462.664 201.879
7 29 463.003 196.455
8 29 460.661 196.342
9 29 463.186 201.798
10 29 465.263 198.751
11 29 465.499 198.102
12 29 467.798 200.181
13 29 462.82 202.171
14 29 461.715 200.986
0 30 433.141 260.963
1 30 438.548 263.244
2 30 443.173 261.65
3 30 438.729 266.116
4 30 440.671 259.399
5 30 437.532 261.87
6 30 440.579 262.679
7 30 444.599 261.873
8 30 441.032 265.074
9 30 435.063 256.754
10 30 439.789 264.995
11 30 437.556 260.097
12 30 437.399 262.216
13 30 441.158 264.471
14 30 438.287 263.895
0 32 482.178 335.689
1 32 476.07 331.416
2 32 482.097 330.497
3 32 482.357 332.015
4 32 485.813 331.489
5 32 479.457 333.179
6 32 475.57 331.698
7 32 485.039 333.674
8 32 488.396 333.606
9 32 479.967 336.2
10 32 481.667 329.905
11 32 476.674 337.245
12 32 484.766 330.408
13 32 480.986 332.642
14 32 479.113 336.448
0 33 104.381 235.485
1 33 110.553 233.153
2 33 100.498 236.433
3 33 104.893 234.303
4 33 103.36 238.6
5 33 96.6133 238.605
6 33 104.262 240.4
7 33 97.8584 233.445
8 33 101.955 240.595
9 33 101.779 238.112
10 33 101.494 233.094
11 33 102.285 235.931
12 33 107.756 232.518
13 33 101.984 235.837
14 33 104.007 234.817
0 34 52.523 343.472
1 34 55.6733 343.734
2 34 55.1398 347.005
3 34 58.8455 350.216
4 34 51.1528 353.038
5 34 51.2844 344.925
6 34 54.4931 346.989
7 34 53.4253 344.585
8 34 55.9995 337.756
9 34 55.0038 345.114
10 34 54.2048 338.795
11 34 58.0123 341.638
12 34 52.6844 343.405
13 34 47.5557 346.792
14 34 55.9474 346.504
0 35 274.701 275.094
1 35 267.865 269.816
2 35 269.035 273.725
3 35 268.982 278.553
4 35 272.925 273.211
5 35 266.151 279.565
6 35 267.609 278.373
7 35 266.651 278.782
8 35 268.187 272.837
9 35 270.992 280.094
10 35 267.113 275.681
11 35 268.449 276.948
12 35 263.317 281.059
13 35 265.585 282.416
14 35 266.196 277.961
0 36 551.461 176.521
1 36 554.142 187.563
2 36 557.246 180.547
3 36 556.319 184.419
4 36 557.463 180.872
5 36 559.864 178.245
6 36 562.147 177.878
7 36 554.779 177.707
8 36 559.744 182.052
9 36 560.441 178.192
10 36 563.475 178.697
11 36 560.664 179.552
12 36 555.818 174.915
13 36 554.172 180.909
14 36 553.257 182.239
0 37 70.7501 223.521
1 37 70.9231 221.939
2 37 70.061 220.392
3 37 68.7695 218.633
4 37 72.0722 223.809
5 37 76.2691 215.932
6 37 69.1411 219.329
7 37 73.6318 222.608
8 37 69.6322 229.721
9 37 75.2194 222.134
10 37 71.3237 224.726
11 37 65.0285 222.494
12 37 71.8682 223.758
13 37 70.7663 223.83
14 37 72.7652 226.99
0 38 378.803 166.506
1 38 367.892 171.831
2 38 370.821 175.157
3 38 373.184 166.717
4 38 372.772 171.05
5 38 376.382 170.135
6 38 372.91 169.377
7 38 372.828 173.592
8 38 369.958 167.461
9 38 371.225 164.318
10 38 376.433 166.792
11 38 378.411 166.628
12 38 376.608 174.863
13 38 373.68 174.816
14 38 374.587 171.059
0 40 316.07 117.611
1 40 314.363 124.248
2 40 315.984 112.17
3 40 319.138 115.928
4 40 317.318 117.069
5 40 320.174 123.446
6 40 313.408 119.214
7 40 316.493 120.091
8 40 321.895 114.05
9 40 312.307 118.881
10 40 315.132 123.339
11 40 316.348 123.935
12 40 316.528 118.815
13 40 310.944 117.112
14 40 314.812 123.318
0 42 525.687 210.097
1 42 523.642 208.107
2 42 523.54 206.204
3 42 518.924 205.814
4 42 523.37 209.158
5 42 521.874 213.01
6 42 524.421 209.532
7 42 523.295 209.307
8 42 521.484 213.259
9 42 527.126 207.232
10 42 525.267 206.795
11 42 523.577 206.297
12 42 524.06 210.444
13 42 521.895 206.459
14 42 523.959 210.798
0 43 80.5049 182.837
1 43 86.3299 180.144
2 43 88.1716 179.297
3 43 79.8299 185.425
4 43 79.1703 179.004
5 43 79.4157 178.448
6 43 86.2588 179.06
7 43 80.5338 178.062
8 43 89.3964 179.492
9 43 85.7422 174.977
10 43 78.897 176.006
11 43 84.8733 183.181
12 43 81.7883 177.264
13 43 74.9673 179.444
14 43 75.9157 183.237
0 44 29.7029 167.006
1 44 31.0377 170.452
2 44 26.2475 167.763
3 44 28.1103 165.009
4 44 23.9255 166.926
5 44 30.1215 165.138
6 44 28.0549 172.447
7 44 32.2227 168.422
8 44 26.986 167.645
9 44 30.9902 173.077
10 44 28.142 168.605
11 44 32.4339 167.318
12 44 26.4959 172.003
13 44 30.6789 166.082
14 44 30.0361 169.996
0 45 553.937 134.273
1 45 555.394 141.83
2 45 558.844 138.807
3 45 555.156 138.32
4 45 553.843 137.969
5 45 555.382 140.238
6 45 554.656 142.098
7 45 555.179 138.185
8 45 552.149 135.594
9 45 554.72 133.945
10 45 560.353 144.325
11 45 556.964 139.042
12 45 555.672 136.361
13 45 553.552 147.562
14 45 554.381 143.623
0 47 336.358 124.135
1 47 333.122 124.782
2 47 336.414 125.262
3 47 337.556 127.747
4 47 335.639 125.911
5 47 331.243 131.404
6 47 339.734 128.843
7 47 333.071 127.025
8 47 337.724 128.49
9 47 336.223 126.525
10 47 335.872 122.199
11 47 331.867 125.547
12 47 329.989 134.851
13 47 338.279 121.974
14 47 337.363 127.02
0 48 601.33 162.533
1 48 598.679 163.736
2 48 600.221 162.757
3 48 605.801 152.35
4 48 604.499 156.043
5 48 602.526 155.928
6 48 598.286 164.22
7 48 598.564 158.079
8 48 605.643 159.386
9 48 607.755 164.032
10 48 598.735 154.144
11 48 604.888 159.723
12 48 601.613 153.312
13 48 599.031 156.061
14 48 598.163 158.166
0 52 289.173 146.546
1 52 278.203 149.01
2 52 281.003 143.673
3 52 281.188 143.941
4 52 280.409 146.396
5 52 282.654 147.399
6 52 286.628 149.579
7 52 279.598 145.888
8 52 281.844 149.276
9 52 285.748 143.095
10 52 278.519 144.695
11 52 282.453 143.099
12 52 283.157 146.232
13 52 281.176 142.368
14 52 276.474 141.25
0 53 519.179 258.282
1 53 518.896 260.953
2 53 519.575 259.461
3 53 524.587 264.442
4 53 519.277 259.303
5 53 519.438 259.922
6 53 514.128 263.335
7 53 519.946 263.571
8 53 517.391 266.934
9 53 517.263 261.374
10 53 520.767 257.819
11 53 521.254 262.804
12 53 519.764 263.118
13 53 520.964 263.951
14 53 519.245 260.042
0 56 603.076 131.898
1 56 598.826 123.463
2 56 593.959 123.572
3 56 599.389 123.671
4 56 596.906 130.742
5 56 599.323 124.736
6 56 601.556 129.338
7 56 601.603 130.298
8 56 600.255 130.765
9 56 596.985 130.093
10 56 601.138 131.147
11 56 598.948 131.182
12 56 592.935 127.694
13 56 598.3 127.955
14 56 594.986 127.126
0 58 41.6608 152.769
1 58 34.8822 147.958
2 58 35.824 153.667
3 58 39.6535 150.735
4 58 38.7472 156.626
5 58 32.557 144.078
6 58 39.8982 147.123
7 58 38.2984 153.247
8 58 38.7434 148.319
9 58 41.6963 146.32
10 58 37.9422 148.099
11 58 39.2651 145.825
12 58 34.8925 145.362
13 58 43.2962 154.036
14 58 40.6053 152.106
0 59 606.424 365.211
1 59 604.572 369.153
2 59 603.905 359.5
3 59 605.549 359.235
4 59 605.525 358.266
5 59 597.53 363.836
6 59 598.842 362.316
7 59 602.754 357.632
8 59 601.606 355.896
9 59 604.005 361.023
10 59 600.904 363.176
11 59 601.103 360.538
12 59 601.436 359.044
13 59 605.34 359.714
14 59 605.534 356.769
0 60 397.133 256.242
1 60 396.497 256.287
2 60 390.893 254.585
3 60 390.666 255.022
4 60 393.263 258.812
5 60 392.087 258.813
6 60 393.125 252.738
7 60 392.414 255.317
8 60 395.619 252.474
9 60 390.564 258.786
10 60 391.174 254.221
11 60 387.918 253.07
12 60 395.553 251.539
13 60 389.262 255.956
14 60 391.868 253.341
0 62 152.662 311.745
1 62 158.129 313.618
2 62 157.605 311.088
3 62 155.174 308.338
4 62 160.087 312.149
5 62 155.089 314.674
6 62 157.16 315.332
7 62 153.45 308.487
8 62 152.987 313.608
9 62 157.655 309.995
10 62 155.617 310.023
11 62 151.763 310.618
12 62 150.79 312.373
13 62 152.839 315.497
14 62 151.335 315.472
0 63 597.145 259.442
1 63 603.887 257.747
2 63 602.103 263.457
3 63 602.402 261.801
4 63 603.757 258.242
5 63 600.136 257.335
6 63 608.172 260.468
7 63 605.241 259.212
8 63 600.516 258.874
9 63 609.089 259.972
10 63 599.391 261.137
11 63 604.899 261.472
12 63 605.924 251.739
13 63 603.987 256.954
14 63 602.949 261.911
0 68 47.6524 231.288
1 68 43.2016 239.868
2 68 44.0084 238.438
3 68 42.0219 235.939
4 68 53.8501 236.137
5 68 36.413 239.163
6 68 42.9344 239.084
7 68 48.4394 239.921
8 68 44.3387 240.679
9 68 45.0353 234.641
10 68 48.7873 237.8
11 68 46.4402 238.772
12 68 47.9342 233.02
13 68 43.2591 242.617
14 68 47.4264 236.605
0 70 424.628 166.998
1 70 429.464 165.99
2 70 430.897 175.846
3 70 426.91 171.395
4 70 429.934 166.586
5 70 429.649 171.86
6 70 427.467 168.797
7 70 429.892 168.863
8 70 429.323 167.034
9 70 419.386 169.249
10 70 428.207 176.422
11 70 428.622 174.541
12 70 422.907 172.177
13 70 421.97 167.22
14 70 422.182 176.853
0 71 147.49 296.761
1 71 151.978 302.323
2 71 152.091 306.861
3 71 148.495 304.291
4 71 152.275 301.56
5 71 153.661 300.109
6 71 149.159 298.283
7 71 149.374 300.084
8 71 149.269 304.265
9 71 147.324 300.904
10 71 148.671 303.407
11 71 144.803 306.676
12 71 147.652 302.554
13 71 149.584 306.746
14 71 148.577 301.418
0 73 441.818 162.253
1 73 446.568 167.334
2 73 441.882 160.56
3 73 445.006 160.142
4 73 450.858 165.276
5 73 446.792 170.937
6 73 440.671 164.53
7 73 444.904 163.349
8 73 440.942 160.304
9 73 443.744 167.95
10 73 439.156 165.37
11 73 445.663 160.62
12 73 445.512 162.807
13 73 444.633 168.059
14 73 444.869 164.691
0 74 132.616 373.549
1 74 132.229 368.459
2 74 132.591 376.425
3 74 129.867 372.972
4 74 130.243 377.403
5 74 130.817 378.319
6 74 133.259 375.774
7 74 129.6 371.445
8 74 132.55 375.765
9 74 130.931 372.978
10 74 130.664 374.55
11 74 130.149 377.694
12 74 131.085 374.91
13 74 132.563 373.431
14 74 131.567 377.306
0 77 617.15 195.759
1 77 619.896 196.07
2 77 626.008 194.495
3 77 622.534 192.409
4 77 624.522 190.612
5 77 618.678 192.153
6 77 621.163 190.326
7 77 625.761 194.887
8 77 626.762 194.195
9 77 618.066 190.555
10 77 623.965 194.312
11 77 622.095 198.007
12 77 622.766 189.143
13 77 621.113 191.958
14 77 621.653 192.907
0 78 185.47 99.6045
1 78 184.437 96.9796
2 78 185.207 95.1474
3 78 183.07 100.001
4 78 185.049 96.8896
5 78 183.952 92.4145
6 78 186.421 95.2305
7 78 186.751 96.0125
8 78 186.044 91.9655
9 78 184.558 91.8575
10 78 183.507 96.5808
11 78 186.79 91.6955
12 78 182.593 95.8571
13 78 185.56 89.7547
14 78 184.064 96.9994
0 79 100.853 331.16
1 79 94.8075 335.133
2 79 92.9889 333.109
3 79 99.1562 336.591
4 79 98.487 333.693
5 79 104.724 330.984
6 79 98.3398 332.16
7 79 100.299 330.607
8 79 98.3167 331.74
9 79 96.1411 330.609
10 79 95.189 331.597
11 79 97.4634 329.553
12 79 95.1387 336.051
13 79 97.8767 328.26
14 79 98.1536 334.853
0 80 307.991 237.066
1 80 303.056 236.348
2 80 308.364 235.81
3 80 307.424 234.418
4 80 305.289 239.862
5 80 301.912 232.484
6 80 303.869 233.612
7 80 307.146 237.493
8 80 303.872 239.598
9 80 302.651 237.716
10 80 307.873 231.034
11 80 306.399 232.335
12 80 303.988 238.108
13 80 304.647 239.644
14 80 303.422 237.303
0 81 30.6253 302.666
1 81 33.257 307.585
2 81 30.6479 304.035
3 81 36.0285 304.905
4 81 31.213 299.667
5 81 33.0211 308.87
6 81 28.4788 302.598
7 81 29.4734 306.925
8 81 30.295 305.876
9 81 27.5675 303.363
10 81 34.4756 306.538
11 81 29.9024 303.25
12 81 27.8852 303.548
13 81 29.6951 303.245
14 81 31.543 305.472
0 82 249.207 119.123
1 82 251.562 110.025
2 82 251.426 113.065
3 82 251.53 113.637
4 82 251.501 110.447
5 82 248.979 111.881
6 82 244.164 113.094
7 82 251.312 114.075
8 82 242.178 116.409
9 82 248.908 115.06
10 82 253.614 115.4
11 82 245.285 111.041
12 82 248.321 113.739
13 82 241.539 112.246
14 82 251.827 111.937
0 83 429.886 284.466
1 83 429.179 283.428
2 83 431.78 287.832
3 83 433.128 285.038
4 83 431.334 286.402
5 83 434.031 289.304
6 83 428.912 289.542
7 83 434.344 287.882
8 83 429.777 290.335
9 83 429.764 287.752
10 83 432.826 291.668
11 83 433.686 286.911
12 83 430.278 285.53
13 83 432.59 285.758
14 83 425.854 290.286
0 84 421.816 142.607
1 84 421.176 147.335
2 84 418.421 145.722
3 84 413.566 147.248
4 84 411.744 145.604
5 84 413.461 142.85
6 84 417.495 147.019
7 84 411.551 141.099
8 84 420.973 146.07
9 84 414.399 151.722
10 84 419.636 145.256
11 84 420.316 150.981
12 84 414.267 147.742
13 84 421.688 144.108
14 84 418.684 144.485
0 85 175.66 305.55
1 85 180.675 301.999
2 85 184.685 306.168
3 85 181.863 307.329
4 85 175.34 301.866
5 85 180.001 306.915
6 85 176.415 305.343
7 85 173.393 302.073
8 85 175.099 301.573
9 85 179.421 304.551
10 85 178.602 301.455
11 85 175.485 298.183
12 85 175.207 302.892
13 85 173.758 303.6
14 85 177.694 304.547
0 87 125.995 281.848
1 87 122.412 277.594
2 87 127.497 276.58
3 87 119.828 279.085
4 87 130.841 280.474
5 87 122.144 276.984
6 87 126.749 281.529
7 87 126.375 279.163
8 87 115.848 279.079
9 87 116.467 279.491
10 87 121.079 281.99
11 87 119.422 280.507
12 87 118.486 282.618
13 87 119.936 282.923
14 87 125.881 279.399
0 88 110.422 121.552
1 88 112.414 128.751
2 88 116.177 122.771
3 88 115.613 128.076
4 88 114.585 117.352
5 88 109.573 120.86
6 88 120.529 122.333
7 88 120.065 124.722
8 88 118.549 123.076
9 88 117.453 125.03
10 88 118.073 123.773
11 88 116.187 116.001
12 88 115.945 119.08
13 88 116.585 122.318
14 88 113.906 123.852
0 89 4.53594 285.921
1 89 6.14771 287.376
2 89 7.80033 285.003
3 89 5.55446 290.723
4 89 8.8791 282.384
5 89 10.0117 284.868
6 89 6.93448 290.412
7 89 8.2963 287.124
8 89 4.9984 282.772
9 89 4.74087 286.503
10 89 7.53199 290.74
11 89 5.67587 288.703
12 89 10.0275 290.367
13 89 7.41788 292.696
14 89 7.19781 294.485
0 90 396.245 193.227
1 90 397.617 193.434
2 90 388.834 198.275
3 90 398.416 197.356
4 90 393.671 196.992
5 90 399.013 200.743
6 90 390.154 194.589
7 90 396.1 195.223
8 90 394.013 193.805
9 90 397.488 191.966
10 90 392.249 196.552
11 90 392.585 197.231
12 90 397.979 198.602
13 90 390.984 194.449
14 90 391.859 195.742
0 91 140.522 285.055
1 91 143.837 285.576
2 91 144.104 291.872
3 91 141.714 285.688
4 91 138.38 286.497
5 91 142.177 289.785
6 91 146.541 284.381
7 91 144.301 280.608
8 91 140.59 284.669
9 91 143.99 285.045
10 91 140.843 285.819
11 91 142.288 285.931
12 91 146.324 285.901
13 91 137.642 288.067
14 91 144.219 286.386
0 92 189.755 187.282
1 92 191.631 181.735
2 92 182.877 186.069
3 92 186.177 184.874
4 92 184.427 181.486
5 92 182.096 179.459
6 92 183.429 181.647
7 92 186.524 183.086
8 92 183.423 183.842
9 92 186.033 180.633
10 92 184.564 184.274
11 92 184.189 180.308
12 92 180.62 181.032
13 92 185.895 177.183
14 92 183.46 181.431
0 94 70.431 192.796
1 94 75.0812 199.64
2 94 70.107 197.177
3 94 80.8314 189.596
4 94 80.7316 194.051
5 94 77.1 199.248
6 94 78.3527 200.387
7 94 75.9509 194.418
8 94 74.1429 197.226
9 94 80.3188 194.716
10 94 75.4655 195.154
11 94 76.5255 202.593
12 94 74.5259 195.246
13 94 76.7001 197.034
14 94 70.0055 191.22
0 96 15.0943 289.875
1 96 15.1518 293.572
2 96 20.9619 291.691
3 96 18.825 290.065
4 96 20.8761 290.679
5 96 16.9086 288.625
6 96 14.091 288.731
7 96 13.3773 294.716
8 96 20.2365 294.396
9 96 21.3272 293.549
10 96 17.7291 296.095
11 96 15.3496 294.547
12 96 15.2319 293.886
13 96 16.5974 292.264
14 96 18.7072 291.111
0 97 538.704 210.113
1 97 545.203 203.426
2 97 544.962 215.931
3 97 545.678 209.295
4 97 542.796 208.01
5 97 540.696 206.941
6 97 542.638 210.709
7 97 545.28 207.908
8 97 541.826 205.553
9 97 543.347 207.076
10 97 541.885 209.061
11 97 549.387 206.588
12 97 546.552 206.552
13 97 546.873 209.657
14 97 541.967 212.763
0 98 599.415 351.42
1 98 594.572 343.519
2 98 595.781 346.591
3 98 593.527 342.95
4 98 596.174 346.134
5 98 595.184 350.016
6 98 592.782 350.664
7 98 597.88 346.934
8 98 596.552 345.993
9 98 598.366 341.214
10 98 596.418 340.447
11 98 593.604 346.923
12 98 595.708 351.036
13 98 594.762 345.646
14 98 590.184 348.195
0 99 364.623 331.013
1 99 365.819 332.984
2 99 368.252 329.269
3 99 363.669 332.941
4 99 364.524 333.447
5 99 363.722 334.407
6 99 360.892 331.708
7 99 358.752 328.881
8 99 359.876 330.963
9 99 362.352 332.407
10 99 360.323 332.484
11 99 367.055 326.848
12 99 367.325 329.351
13 99 361.53 334.22
14 99 366.883 330.871
0 101 381.745 239.371
1 101 376.108 242.283
2 101 384.381 239.386
3 101 374.783 236.011
4 101 383.905 237.875
5 101 378.626 240.453
6 101 381.941 242.483
7 101 370.958 237.817
8 101 376.758 248.982
9 101 374.138 242.399
10 101 374.185 243.109
11 101 375.837 241.48
12 101 369.138 245.768
13 101 373.763 238.379
14 101 379.217 237.699
0 103 617.859 239.112
1 103 620.793 228.937
2 103 620.548 229.027
3 103 622.035 228.094
4 103 617.41 228.401
5 103 614.871 232.776
6 103 617.425 223.462
7 103 619.203 231.023
8 103 624.7 230.018
9 103 622.717 227.921
10 103 616.085 226.361
11 103 623.24 225.594
12 103 619.034 228.995
13 103 617.839 231.981
14 103 617.181 226.051
0 104 38.5836 178.549
1 104 44.7787 181.919
2 104 44.9821 176.381
3 104 45.5618 181.91
4 104 51.7141 176.998
5 104 46.0649 180.301
6 104 51.4639 179.133
7 104 47.9258 185.342
8 104 48.7307 180.254
9 104 43.4996 176.635
10 104 43.1154 179.658
11 104 44.4738 179.788
12 104 46.1855 181.77
13 104 51.0006 182.565
14 104 44.5636 183.139
0 105 26.8152 302.297
1 105 29.034 301.585
2 105 22.6176 302.754
3 105 30.2278 308.768
4 105 18.1983 296.675
5 105 26.3265 300.678
6 105 21.5333 306.204
7 105 26.8493 301.316
8 105 25.1703 299.507
9 105 27.4686 301.568
10 105 26.5051 307.629
11 105 20.4816 302.579
12 105 29.0625 306.304
13 105 21.5424 299.963
14 105 26.9426 304.332
0 106 601.113 238.912
1 106 600.148 237.351
2 106 605.691 240.442
3 106 592.157 235.157
4 106 596.841 235.444
5 106 597.909 232.528
6 106 605.371 239.151
7 106 602.18 239.263
8 106 607.27 235.306
9 106 599.016 236.626
10 106 601.414 237.981
11 106 599.419 240.521
12 106 598.37 242.589
13 106 600.485 242.45
14 106 605.718 240.291
0 107 93.8932 156.603
1 107 88.1733 144.322
2 107 101.62 155.235
3 107 92.5213 154.122
4 107 100.65 156.736
5 107 100.554 150.749
6 107 95.2511 151.168
7 107 99.2927 154.369
8 107 94.046 150.61
9 107 98.028 153.543
10 107 98.3232 152.304
11 107 97.1694 147.943
12 107 95.6017 157.081
13 107 97.287 149.366
14 107 94.5995 156.899
0 108 5.69302 131.14
1 108 10.7174 130.017
2 108 7.86709 133.008
3 108 8.09986 130.407
4 108 14.2687 127.176
5 108 8.78364 133.456
6 108 16.1004 134.367
7 108 5.08071 131.563
8 108 10.5589 128.876
9 108 13.138 131.616
10 108 9.47733 133.317
11 108 14.5337 131.788
12 108 9.78953 136.499
13 108 10.0822 125.827
14 108 15.4111 125.268
0 110 577.898 271.054
1 110 573.397 271.347
2 110 579.323 272.007
3 110 580.823 268.756
4 110 577.048 272.717
5 110 576.122 267.979
6 110 574.318 273.274
7 110 578.702 268.975
8 110 578.106 271.662
9 110 582.796 274.189
10 110 576.917 269.606
11 110 578.718 272.337
12 110 575.22 266.414
13 110 577.495 265.456
14 110 577.646 274.752
0 111 189.997 236.279
1 111 184.842 232.513
2 111 188.582 240.665
3 111 187.727 236.017
4 111 184.027 236.194
5 111 187.783 236.365
6 111 189.66 245.031
7 111 188.244 238.609
8 111 190.708 237.557
9 111 190.964 243.369
10 111 190.571 236.43
11 111 188.449 234.239
12 111 190.086 239.72
13 111 186.696 235.306
14 111 194.055 239.129
0 112 416.209 283.74
1 112 414.902 287.247
2 112 415.971 286.394
3 112 412.832 288.425
4 112 417.195 293.168
5 112 413.521 289.385
6 112 420.567 289.2
7 112 417.877 286.855
8 112 419.694 286.53
9 112 414.414 284.122
10 112 416.166 288.555
11 112 417.822 284.064
12 112 412.724 286.802
13 112 416.968 289.463
14 112 412 287.603
0 114 188.617 286.673
1 114 189.347 286.501
2 114 185.863 291.043
3 114 193.305 286.291
4 114 185.574 285.11
5 114 190.685 288.373
6 114 189.188 288.476
7 114 194.25 289.092
8 114 189.013 285.31
9 114 189.629 288.851
10 114 191.53 291.674
11 114 181.231 282.355
12 114 181.928 287.65
13 114 185.59 286.787
14 114 190.905 288.034
0 116 395.776 366.39
1 116 392.678 366.737
2 116 393.637 368.277
3 116 391.908 362.802
4 116 395.031 364.164
5 116 394.072 364.853
6 116 396.126 366.404
7 116 395.535 368.306
8 116 390.738 367.795
9 116 391.43 362.356
10 116 391.997 364.301
11 116 392.341 366.401
12 116 396.928 368.482
13 116 390.915 370.463
14 116 393.835 367.485
0 117 559.124 290.961
1 117 565.373 290.941
2 117 558.458 292.159
3 117 557.472 286.592
4 117 562.943 292.012
5 117 568.317 290.823
6 117 570.297 290.012
7 117 557.844 286.408
8 117 565.52 291.818
9 117 558.585 288.405
10 117 561.954 290.2
11 117 562.134 284.883
12 117 558.501 289.564
13 117 562.145 285.84
14 117 558.545 287.606
0 119 84.445 238.778
1 119 82.2068 244.051
2 119 76.712 244.504
3 119 76.1385 248.379
4 119 82.4963 243.07
5 119 77.3271 242.598
6 119 78.0858 244.66
7 119 78.8224 244.381
8 119 81.2854 241.117
9 119 81.6683 242.454
10 119 75.658 246.031
11 119 84.6853 245.276
12 119 78.0797 242.931
13 119 77.7208 247.574
14 119 79.6297 250.068
0 120 599.127 217.55
1 120 601.589 219.366
2 120 595.403 221.6
3 120 595.53 224.692
4 120 598.946 222.474
5 120 600.059 215.939
6 120 595.596 219.183
7 120 597.043 220.74
8 120 601.147 213.082
9 120 602.198 224.186
10 120 595.235 218.02
11 120 598.017 219.358
12 120 598.481 217.761
13 120 598.219 212.697
14 120 593.206 210.447
0 121 165.103 163.238
1 121 166.7 158.694
2 121 165.611 166.162
3 121 167.034 165.672
4 121 170.127 169.618
5 121 170.639 164.768
6 121 159.882 159.306
7 121 167.456 168.291
8 121 169.216 165.335
9 121 166.138 168.76
10 121 159.534 167.043
11 121 162.37 166.939
12 121 168.398 166.579
13 121 162.211 160.766
14 121 166.932 161.924
0 124 572.377 96.93
1 124 567.575 91.3472
2 124 571.099 96.1984
3 124 568.366 93.1461
4 124 570.497 95.0339
5 124 574.689 91.1994
6 124 570.46 96.4374
7 124 568.49 96.9542
8 124 568.354 99.5275
9 124 568.747 91.994
10 124 577.464 89.2853
11 124 564.768 93.8885
12 124 566.552 87.0324
13 124 575.555 92.9832
14 124 565.505 95.6416
0 125 12.5202 186.314
1 125 17.9723 186.086
2 125 8.86939 185.53
3 125 11.6379 183.432
4 125 11.6347 188.074
5 125 10.1082 188.941
6 125 12.7949 183.559
7 125 12.4167 179.06
8 125 14.1699 181.642
9 125 17.2077 188.129
10 125 13.0338 187.088
11 125 12.9294 185.714
12 125 14.2056 187.18
13 125 10.7145 180.941
14 125 15.3493 189.324
0 127 501.505 385.204
1 127 501.726 390.371
2 127 502.713 375.03
3 127 502.09 380.765
4 127 504.349 385.579
5 127 498.781 378.495
6 127 501.029 381.343
7 127 495.407 376.608
8 127 499.121 378.078
9 127 496.295 380.209
10 127 496.303 380.636
11 127 506 385.606
12 127 503.874 374.196
13 127 500.379 382.068
14 127 499.121 379.838
0 129 212.517 113.878
1 129 202.925 112.263
2 129 209.516 106.85
3 129 211.012 116.802
4 129 209.895 113.702
5 129 205.749 106.457
6 129 205.804 109.329
7 129 210.581 110.326
8 129 203.428 108.683
9 129 202.527 106.747
10 129 206.018 111.019
11 129 204.155 107.044
12 129 208.064 113.664
13 129 205.694 112.268
14 129 202.544 106.188
0 130 605.609 288.12
1 130 602.633 283.801
2 130 602.349 289.759
3 130 597.907 286.959
4 130 601.218 292.458
5 130 603.03 288.022
6 130 597.271 286.291
7 130 596.226 288.977
8 130 601.632 288.417
9 130 599.811 280.38
10 130 605.268 291.19
11 130 596.509 286.458
12 130 597.949 288.159
13 130 601.036 287.333
14 130 600.977 293.251
0 132 487.67 323.555
1 132 484.735 319.997
2 132 490.791 316.425
3 132 487.468 323.769
4 132 489.261 318.094
5 132 482.74 316.679
6 132 487.49 326.753
7 132 488.065 316.69
8 132 486.084 322.075
9 132 490.538 324.979
10 132 490.167 317.903
11 132 486.985 320.923
12 132 482.962 327.108
13 132 489.939 317.046
14 132 486.689 317.545
0 133 396.015 128.496
1 133 392.43 130.419
2 133 402.84 133.001
3 133 398.996 130.027
4 133 399.836 127.097
5 133 395.141 129.111
6 133 394.503 128.225
7 133 400.52 128.296
8 133 397.854 128.604
9 133 396.635 129.11
10 133 396.792 130.062
11 133 395.518 132.227
12 133 396.398 124.657
13 133 396.099 127.266
14 133 394.522 131.226
0 134 392.499 251.48
1 134 397.592 249.926
2 134 398.264 244.018
3 134 402.524 256.961
4 134 400.754 245.105
5 134 397.92 241.963
6 134 399.439 247.994
7 134 398.735 248.977
8 134 401.725 248.699
9 134 398.851 248.507
10 134 398.72 251.875
11 134 395.038 243.147
12 134 395.669 248.534
13 134 400.256 248.398
14 134 402.042 242.594
0 136 415.389 144.811
1 136 414.509 142.003
2 136 415.637 142.614
3 136 413.791 149.728
4 136 414.31 141.504
5 136 415.61 145.101
6 136 417.257 142.922
7 136 417.548 145.816
8 136 419.29 147.164
9 136 413.131 142.164
10 136 412.24 141.982
11 136 419.437 144.315
12 136 417.771 147.821
13 136 413.929 143.388
14 136 417.394 143.808
0 137 402.528 275.064
1 137 402.963 271.668
2 137 397.714 272.583
3 137 398.998 278.703
4 137 405.555 270.528
5 137 402.821 272.403
6 137 403.511 270.848
7 137 403.824 275.786
8 137 401.995 273.779
9 137 399.785 275.839
10 137 397.403 279.185
11 137 400.353 273.93
12 137 398.453 273.634
13 137 398.632 278.134
14 137 402.364 272.736
0 139 -0.806461 378.738
1 139 -3.31884 376.56
2 139 0.911098 374.323
3 139 -4.91361 381.108
4 139 1.11406 377.888
5 139 -1.23 372.162
6 139 -2.10657 376.644
7 139 -2.81927 373.146
8 139 7.57321 370.939
9 139 -8.10215 383.067
10 139 -0.377033 378.046
11 139 2.75805 375.276
12 139 4.18625 374.993
13 139 2.03786 372.164
14 139 2.65931 374.228
0 140 601.455 164.141
1 140 596.593 162.212
2 140 602.376 161.097
3 140 602.77 164.259
4 140 601.17 163.26
5 140 602.296 158.559
6 140 600.68 163.863
7 140 602.337 163.247
8 140 602.541 160.621
9 140 598.559 158.46
10 140 601.731 160.139
11 140 598.374 162.284
12 140 602.732 157.069
13 140 599.327 163.242
14 140 596.397 163.029
0 142 466.933 336.108
1 142 461.26 334.267
2 142 459.367 342.372
3 142 459.043 336.631
4 142 462.482 330.28
5 142 458.977 333.625
6 142 458.884 327.121
7 142 460.621 338.391
8 142 465.144 339.249
9 142 462.529 335.338
10 142 461.059 326.389
11 142 464.88 332.499
12 142 462.59 334.215
13 142 463.207 332.826
14 142 468.703 338.309
0 143 592.867 162.69
1 143 595.158 155.724
2 143 596.392 161.933
3 143 590.178 160.52
4 143 593.59 158.941
5 143 593.308 163.999
6 143 596.077 159.794
7 143 597.633 160.74
8 143 595.418 164.04
9 143 595.924 157.49
10 143 592.387 156.994
11 143 594.713 159.184
12 143 594.833 155.953
13 143 602.29 158.099
14 143 598.652 156.054
0 144 155.344 332.388
1 144 155.535 337.145
2 144 165.694 334.593
3 144 161.519 333.12
4 144 159.41 331.267
5 144 159.491 338.871
6 144 164.495 329.713
7 144 155.787 333.813
8 144 162.06 332.714
9 144 157.778 332.249
10 144 164.224 332.555
11 144 164.306 331.971
12 144 161.528 334.809
13 144 167.099 333.248
14 144 161.059 327.803
0 145 425.496 145.544
1 145 420.507 144.871
2 145 423.553 146.797
3 145 420.393 145.315
4 145 421.363 142.495
5 145 426.958 142.279
6 145 426.979 146.515
7 145 421.116 147.484
8 145 428.088 143.449
9 145 421.273 144.157
10 145 426.259 149.759
11 145 420.402 146.784
12 145 425.89 149.749
13 145 422.444 150.611
14 145 419.502 141.068
0 146 592.391 295.227
1 146 588.867 296.765
2 146 586.543 295.965
3 146 596.293 298.788
4 146 589.741 294.31
5 146 593.526 294.375
6 146 591.918 297.404
7 146 587.825 294.564
8 146 591.647 293.846
9 146 598.326 291.768
10 146 589.561 294.913
11 146 591.323 298.153
12 146 593.374 290.028
13 146 592.574 295.547
14 146 593.293 293.483
0 147 243.086 165.659
1 147 236.267 156.644
2 147 242.565 162.264
3 147 237.906 158.185
4 147 235.835 153.269
5 147 245.441 161.293
6 147 244.986 161.878
7 147 235.185 162.792
8 147 236.61 158.628
9 147 243.021 157.205
10 147 244.632 160.741
11 147 240.766 164.676
12 147 236.709 156.626
13 147 239.193 154.54
14 147 236.854 157.098
0 148 75.2067 222.75
1 148 76.648 220.785
2 148 77.4447 222.323
3 148 75.8046 224.944
4 148 78.2547 224.784
5 148 78.9657 218.885
6 148 73.9134 221.612
7 148 74.5682 220.011
8 148 75.1486 217.089
9 148 78.4904 217.223
10 148 77.2371 218.94
11 148 70.73 220.342
12 148 84.0154 219.745
13 148 74.8022 216.721
14 148 79.2557 215.739
0 149 10.1006 247.297
1 149 12.4837 251.8
2 149 12.4077 252.259
3 149 14.8525 253.63
4 149 12.4348 250.522
5 149 14.2404 251.513
6 149 15.271 254.046
7 149 9.39922 256.937
8 149 11.4732 248.537
9 149 16.54 247.515
10 149 9.71055 249.688
11 149 8.15793 250.088
12 149 13.1979 248.968
13 149 18.9744 245.533
14 149 13.1622 242.902
0 150 210.681 108.523
1 150 220.737 97.2069
2 150 220.558 104.099
3 150 224.522 104.23
4 150 215.011 104.915
5 150 222.462 101.903
6 150 219.585 112.221
7 150 217.793 99.2331
8 150 214.98 103.01
9 150 218.796 104.81
10 150 217.052 101.154
11 150 222.495 108.863
12 150 214.072 102.781
13 150 221.123 104.357
14 150 219.379 104.191
0 151 529.839 190.732
1 151 529.252 176.809
2 151 535.513 182.509
3 151 533.424 176.049
4 151 528.682 185.211
5 151 533.025 181.477
6 151 530.289 184.487
7 151 532.579 181.74
8 151 532.948 175.585
9 151 531.243 185.001
10 151 529.65 183.68
11 151 529.356 180.463
12 151 530.363 187.185
13 151 532.917 175.386
14 151 527.293 183.927
0 152 368.223 289.37
1 152 364.107 285.74
2 152 374.349 286.089
3 152 367.982 282.708
4 152 371.604 290.271
5 152 369.327 284.301
6 152 367.1 284.555
7 152 370.887 285.59
8 152 368.005 283.415
9 152 368.853 290.861
10 152 364.705 281.005
11 152 368.447 282.704
12 152 369.269 280.88
13 152 364.207 278.976
14 152 368.349 283.122
0 153 558.829 283.336
1 153 557.62 283.565
2 153 556.66 288.339
3 153 560.169 287.463
4 153 558.512 285.66
5 153 565.543 290.07
6 153 556.592 292.097
7 153 553.058 287.752
8 153 551.086 292.097
9 153 556.254 291.163
10 153 558.722 289.673
11 153 557.199 286.759
12 153 559.54 295
13 153 556.185 285.735
14 153 557.754 291.157
0 154 437.818 191.85
1 154 441.725 186.517
2 154 440.627 191.743
3 154 435.369 190.115
4 154 435.688 193.507
5 154 434.955 187.083
6 154 435.88 191.505
7 154 439.863 188.226
8 154 441.45 191.983
9 154 436.199 191.604
10 154 440.357 188.859
11 154 435.776 188.599
12 154 440.648 186.621
13 154 436.846 191.322
14 154 439.109 190.822
0 156 338.303 275.711
1 156 334.165 273.099
2 156 334.365 278.563
3 156 331.403 278.473
4 156 339.13 282.137
5 156 333.959 282.658
6 156 333.835 279.333
7 156 333.024 275.187
8 156 338.391 281.074
9 156 338.02 279.541
10 156 328.321 281.29
11 156 340.53 281.869
12 156 330.455 281.517
13 156 332.823 283.888
14 156 334.841 280.581
0 157 507.089 196.838
1 157 513.409 196.905
2 157 511.215 200.414
3 157 514.084 192.981
4 157 516.046 196.562
5 157 515.741 197.45
6 157 516.499 196.044
7 157 516.932 195.595
8 157 514.639 198.96
9 157 513.112 196.686
10 157 510.856 199.67
11 157 513.782 203.426
12 157 515.37 195.72
13 157 515.652 199.438
14 157 512.034 198.324
0 158 49.0313 282.558
1 158 49.8887 293.078
2 158 45.8194 289.823
3 158 49.1836 285.63
4 158 49.1088 288.858
5 158 49.8357 288.664
6 158 49.1643 280.208
7 158 42.8887 288.887
8 158 44.0462 290.075
9 158 45.7585 288.364
10 158 43.8324 292.209
11 158 43.9712 281.901
12 158 44.604 282.452
13 158 46.5722 289.48
14 158 41.6965 281.609
0 159 502.476 95.9427
1 159 508.017 99.1337
2 159 508.876 93.9912
3 159 507.38 90.3372
4 159 504.249 89.174
5 159 502.131 96.451
6 159 499.4 91.0458
7 159 503.07 96.4156
8 159 507.489 94.2896
9 159 508.872 96.2984
10 159 502.38 96.6328
11 159 503.29 100.504
12 159 504.531 100.869
13 159 501.805 96.6777
14 159 510.214 96.0389
0 160 506.826 273.365
1 160 509.913 278.433
2 160 506.88 277.264
3 160 506.033 275.088
4 160 512.974 276.346
5 160 509.575 273.066
6 160 506.172 270.795
7 160 505.747 277.914
8 160 507.009 276.652
9 160 512.002 269.843
10 160 511.49 282.512
11 160 501.123 272.701
12 160 514.799 279.777
13 160 507.006 277.826
14 160 510.741 276.14
0 162 464.722 172.129
1 162 460.994 172.025
2 162 457.154 167.199
3 162 463.533 168.223
4 162 466.12 165.802
5 162 463.865 166.598
6 162 465.094 166.502
7 162 460.63 167.153
8 162 455.506 167.567
9 162 458.316 161.753
10 162 463.357 172.062
11 162 465.078 172.982
12 162 456.751 164.336
13 162 463.117 167.325
14 162 459.478 172.755
0 163 197.658 155.517
1 163 194.011 160.237
2 163 192.364 162.967
3 163 195.669 156.286
4 163 193.153 157.024
5 163 199.594 156.559
6 163 195.253 159.043
7 163 199.139 152.552
8 163 195.464 154.23
9 163 197.393 156.989
10 163 197.727 159.091
11 163 193.24 157.447
12 163 202.353 153.618
13 163 201.884 161.052
14 163 196.6 156.903
0 164 441.044 338.363
1 164 450.35 344.644
2 164 447.058 343.518
3 164 450.178 341.566
4 164 446.351 343.953
5 164 448.462 340.752
6 164 448.134 344.82
7 164 441.531 348.32
8 164 444.974 346.623
9 164 442.755 340.304
10 164 443.985 342.765
11 164 446.954 346.26
12 164 443.927 345.438
13 164 441.255 340.366
14 164 444.027 341.046
0 165 43.2227 358.335
1 165 28.3403 350.98
2 165 33.3451 354.576
3 165 34.983 359.901
4 165 34.8963 350.417
5 165 41.258 360.729
6 165 29.1831 356.476
7 165 35.5895 360.428
8 165 36.1377 357.739
9 165 37.8759 352.625
10 165 35.7224 355.658
11 165 35.7604 353.008
12 165 34.8077 357.977
13 165 37.36 359.212
14 165 32.6636 352.774
0 166 631.473 240.628
1 166 635.075 240.757
2 166 631.29 243.381
3 166 633.626 237.2
4 166 631.488 241.072
5 166 634.509 240.895
6 166 629.507 240.252
7 166 628.486 239.492
8 166 634.227 238.711
9 166 631.601 241.037
10 166 636.289 238.383
11 166 633.222 238.743
12 166 638.185 244.286
13 166 632.781 242.102
14 166 631.673 238.568
0 167 70.0205 350.387
1 167 64.8232 348.39
2 167 69.0412 350.516
3 167 70.2852 349.924
4 167 70.8297 348.768
5 167 69.2096 353.307
6 167 69.3973 351.23
7 167 67.628 351.581
8 167 72.6837 353.114
9 167 66.6748 348.876
10 167 70.5616 344.976
11 167 67.1134 346.831
12 167 64.0197 353.773
13 167 67.7746 353.557
14 167 77.768 354.12
0 170 364.903 369.269
1 170 364.591 369.494
2 170 366.556 373.963
3 170 367.488 371.447
4 170 363.116 378.434
5 170 365.867 375.513
6 170 363.513 370.538
7 170 362.915 376.675
8 170 364.223 368.765
9 170 368.854 373.224
10 170 369.537 369.263
11 170 369.923 371.77
12 170 367.173 370.375
13 170 367.56 378.094
14 170 366.805 370.079
0 171 362.43 239.757
1 171 361.928 238.834
2 171 360.74 231.036
3 171 356.844 237.859
4 171 358.687 239.1
5 171 358.457 239.343
6 171 361.694 237.843
7 171 357.749 238.107
8 171 363.496 240.04
9 171 361.457 234.273
10 171 360.306 238.446
11 171 362.324 237.793
12 171 360.409 234.52
13 171 363.87 242.643
14 171 365.719 237.382
0 172 558.557 316.014
1 172 560.05 317.423
2 172 563.033 314.653
3 172 560.378 317.124
4 172 561.726 319.88
5 172 561.179 315.366
6 172 559.861 323.468
7 172 556.797 318.043
8 172 559.728 309.851
9 172 561.939 317.022
10 172 567.734 317.598
11 172 558.211 319.732
12 172 557.098 313.27
13 172 557.964 313.385
14 172 560.771 315.646
0 174 604.359 196.869
1 174 601.025 196.759
2 174 602.601 195.454
3 174 601.647 194.561
4 174 606.097 195.206
5 174 605.874 192.331
6 174 607.459 191.916
7 174 604.063 195.435
8 174 600.57 193.652
9 174 607.647 197.405
10 174 606.129 195.252
11 174 605.429 193.846
12 174 606.599 192.787
13 174 606.651 202.786
14 174 607.188 197.155
0 175 528.953 274.959
1 175 536.291 277.996
2 175 538.168 273.914
3 175 532.204 275.497
4 175 539.302 282.616
5 175 540.465 276.338
6 175 540.746 280.129
7 175 537.538 279.102
8 175 539.954 281.495
9 175 536.667 278.235
10 175 535.606 279.324
11 175 537.816 282.781
12 175 530.852 280.006
13 175 535.436 274.106
14 175 537.506 278.609
0 176 134.694 312.646
1 176 138.211 315.673
2 176 128.81 317.387
3 176 127.543 321.78
4 176 126.156 319.228
5 176 128.883 318.391
6 176 128.983 322.581
7 176 133.102 320.145
8 176 129.225 311.384
9 176 128.785 321.653
10 176 129.062 314.203
11 176 126.362 322.202
12 176 131.141 317.495
13 176 132.653 314.713
14 176 128.32 314.256
0 177 41.4683 230.875
1 177 45.2563 228.25
2 177 41.2151 229.83
3 177 45.6379 235.584
4 177 44.9462 230.614
5 177 44.8765 229.222
6 177 42.5083 225.103
7 177 39.7452 229.372
8 177 42.9171 234.685
9 177 41.7606 230.633
10 177 45.0041 230.9
11 177 44.8447 227.281
12 177 42.1121 231.274
13 177 44.759 234.614
14 177 42.8674 230.821
0 178 616.43 333.844
1 178 614.842 333.169
2 178 615.063 333.962
3 178 609.777 337.394
4 178 616.866 338.417
5 178 608.938 336.652
6 178 612.918 337.95
7 178 613.337 335.754
8 178 616.724 332.723
9 178 614.224 340.357
10 178 617.943 340.172
11 178 621.608 329.313
12 178 614.745 330.679
13 178 615.788 334.168
14 178 613.044 334.508
0 179 403.708 219.024
1 179 411.401 215.896
2 179 412.842 215.665
3 179 412.686 213.689
4 179 414.386 216.539
5 179 410.871 217.277
6 179 416.386 214.058
7 179 412.121 217.596
8 179 413.679 217.826
9 179 404.731 215.92
10 179 408.546 216.135
11 179 411.835 212.496
12 179 406.904 216.579
13 179 409.39 215.041
14 179 409.755 216.671
0 180 351.442 276.617
1 180 353.941 282.007
2 180 350.1 274.932
3 180 352.212 279.096
4 180 350.711 283.308
5 180 351.543 282.186
6 180 350.285 284.571
7 180 346.781 277.754
8 180 345.54 278.676
9 180 352.235 278.067
10 180 345.974 283.817
11 180 355.354 277.672
12 180 348.926 282.482
13 180 351.885 283.423
14 180 351.616 280.55
0 182 593.38 252.811
1 182 589.939 244.243
2 182 591.874 244.994
3 182 589.352 245.954
4 182 589.082 245.643
5 182 590.913 243.766
6 182 588.917 244.62
7 182 587.546 243.311
8 182 592.533 248.802
9 182 589.828 249.03
10 182 589.186 244.393
11 182 589.587 242.001
12 182 585.572 243.067
13 182 593.058 245.777
14 182 595.058 242.569
0 183 306.002 131.31
1 183 315.647 133.011
2 183 311.113 128.612
3 183 310.751 134.383
4 183 313.178 126.007
5 183 314.969 126.522
6 183 312.043 132.728
7 183 306.579 132.852
8 183 317.315 131.499
9 183 314.051 128.861
10 183 312.218 130.745
11 183 316.198 125.131
12 183 315.591 133.77
13 183 307.665 127.12
14 183 313.019 128.136
0 184 585.807 113.271
1 184 590.587 115.751
2 184 585.265 113.024
3 184 590.836 108.143
4 184 588.277 112.093
5 184 591.102 109.588
6 184 585.136 116.906
7 184 580.605 113.334
8 184 584.084 110.828
9 184 590.3 109.201
10 184 587.981 106.365
11 184 594.293 116.927
12 184 591.964 108.63
13 184 593.169 111.846
14 184 586.625 114.99
0 185 281.499 275.622
1 185 279.82 281.003
2 185 277.989 283.445
3 185 274.199 281.867
4 185 277.405 284.057
5 185 274.944 276.7
6 185 275.465 286.589
7 185 282.851 279.51
8 185 278.827 280.912
9 185 274.502 282.219
10 185 277.538 276.737
11 185 277.47 280.93
12 185 277.216 282.407
13 185 276.625 275.935
14 185 273.191 278.431
0 186 84.6282 214.162
1 186 75.5971 212.321
2 186 78.0442 212.321
3 186 78.0246 216.521
4 186 75.7409 211.097
5 186 75.8154 211.097
6 186 80.973 217.979
7 186 79.3689 214.984
8 186 73.5715 210.341
9 186 81.3542 209.694
10 186 79.5525 212.578
11 186 78.5114 213.216
12 186 79.2679 211.749
13 186 83.8061 205.827
14 186 77.8233 209.12
0 187 516.403 97.593
1 187 513.555 96.8303
2 187 513.359 99.6343
3 187 514.107 95.6012
4 187 516.794 100.51
5 187 516.503 103.229
6 187 510.071 97.1468
7 187 515.369 102.251
8 187 513.977 102.396
9 187 516.476 97.0424
10 187 512.95 99.7282
11 187 507.328 101.37
12 187 515.338 95.5766
13 187 513.69 104.291
14 187 508.556 99.1809
0 188 392.499 329.843
1 188 391.661 326.929
2 188 386.846 327.99
3 188 389.891 327.377
4 188 390.055 333.754
5 188 391.846 329.386
6 188 389.717 330.751
7 188 388.337 321.736
8 188 393.139 324.6
9 188 384.841 327.344
10 188 390.983 328.812
11 188 391.6 328.536
12 188 390.186 332.479
13 188 389.703 325.373
14 188 389.632 323.707
0 190 459.49 102.104
1 190 461.903 100.252
2 190 457.718 95.3842
3 190 454.922 104.597
4 190 457.081 101.935
5 190 458.157 101.233
6 190 459.867 101.728
7 190 461.116 106.579
8 190 456.811 97.6153
9 190 457.044 100.172
10 190 455.781 98.7597
11 190 459.386 99.1056
12 190 456.74 101.998
13 190 457.642 100.524
14 190 460.498 101.68
0 191 88.8629 163.889
1 191 89.8411 163.001
2 191 85.791 160.498
3 191 84.3474 162.696
4 191 87.2542 160.68
5 191 90.245 160.1
6 191 90.3935 160.279
7 191 84.7229 164.33
8 191 91.606 160.132
9 191 86.0649 165.027
10 191 89.3128 162.853
11 191 87.8426 169.639
12 191 81.5204 166.35
13 191 88.4549 168.536
14 191 86.5742 158.677
0 192 515.369 355.937
1 192 516.898 354.219
2 192 518.447 358.458
3 192 516.092 350.653
4 192 517.273 354.355
5 192 515.407 357.037
6 192 511.643 354.783
7 192 520.922 349.277
8 192 514.009 362
9 192 521.001 354.854
10 192 514.224 355.379
11 192 516.717 357.738
12 192 515.197 359.944
13 192 516.709 352.67
14 192 518.564 350.586
0 193 623.97 230.106
1 193 619.748 222.806
2 193 622.32 226.337
3 193 619.884 219.856
4 193 623.837 229.552
5 193 624.775 219.021
6 193 628.757 222.242
7 193 620.846 224.815
8 193 624.127 219.931
9 193 626.575 217.849
10 193 624.521 219.973
11 193 623.353 220.078
12 193 626.803 223.868
13 193 623.666 212.26
14 193 620.572 223.365
0 194 627.024 351.131
1 194 625.014 348.894
2 194 621.057 351.879
3 194 623.692 355.495
4 194 623.988 357.152
5 194 624.022 352.918
6 194 619.429 353.089
7 194 620.138 355.029
8 194 624.019 355.212
9 194 621.397 354.295
10 194 617.563 358.161
11 194 623.772 357.552
12 194 629.757 352.86
13 194 621.652 359.24
14 194 623.352 355.67
0 195 348.276 193.743
1 195 345.124 197.009
2 195 354.903 194.935
3 195 352.485 197.507
4 195 349.342 192.998
5 195 352.582 196.82
6 195 351.021 196.548
7 195 348.667 192.653
8 195 345.836 197.768
9 195 348.073 190.511
10 195 346.362 191.455
11 195 347.955 191.701
12 195 346.547 197.236
13 195 350.933 195.914
14 195 348.094 203.024
0 198 581.742 230.065
1 198 583.383 227.46
2 198 587.366 227.946
3 198 581.818 228.823
4 198 582.074 229.774
5 198 585.897 225.703
6 198 578.648 221.648
7 198 580.708 229.429
8 198 587.893 230.047
9 198 581.621 229.603
10 198 589.024 227.049
11 198 584.506 226.08
12 198 583.911 227.007
13 198 589.157 225.305
14 198 583.481 226.519
0 199 126.685 344.632
1 199 126.016 347.124
2 199 128.69 343.48
3 199 127.461 348.002
4 199 134.607 346.109
5 199 126.653 345.837
6 199 129.246 346.53
7 199 130.951 350.006
8 199 127.63 347.303
9 199 127.941 344.937
10 199 125.277 349.696
11 199 125.766 348.699
12 199 128.177 350.123
13 199 128.485 349.186
14 199 129.097 347.18
0 200 186.802 365.118
1 200 195.583 366.802
2 200 185.042 366
3 200 191.45 365.864
4 200 184.816 367.18
5 200 188.023 367.572
6 200 180.61 371.374
7 200 186.311 362.551
8 200 184.585 361.512
9 200 188.071 363.323
10 200 187.764 365.065
11 200 185.639 361.167
12 200 187.256 356.955
13 200 183.788 364.448
14 200 187.357 362.894
0 201 361.658 256.087
1 201 364.596 256.034
2 201 371.321 261.538
3 201 366.655 263.071
4 201 368.753 258.445
5 201 368.881 259.651
6 201 371.427 260.97
7 201 366.37 260.612
8 201 366.297 255.887
9 201 374.113 258.603
10 201 365.955 257.533
11 201 365.591 261.609
12 201 374.077 255.542
13 201 360.897 252.831
14 201 367.462 256.274
0 202 300.371 157.657
1 202 296.903 162.593
2 202 301.947 152.65
3 202 300.258 148.18
4 202 302.191 157.077
5 202 301.953 154.743
6 202 303.847 154.988
7 202 304.553 152.561
8 202 300.926 156.339
9 202 300.718 156.222
10 202 304.737 154.42
11 202 299.214 155.314
12 202 303.519 158.496
13 202 302.486 147.086
14 202 298.831 156.212
0 205 35.1494 201.02
1 205 33.5806 195.635
2 205 34.6406 195.816
3 205 30.3938 206.877
4 205 30.8446 201.993
5 205 32.2021 199.134
6 205 26.3162 198.824
7 205 24.9296 201.865
8 205 23.8414 201.261
9 205 30.7842 198.719
10 205 24.2897 201.267
11 205 34.4553 199.611
12 205 25.0112 195.497
13 205 36.3543 200.285
14 205 31.7329 193.303
0 206 460.873 263.863
1 206 466.158 268.109
2 206 463.212 259.562
3 206 464.129 263.514
4 206 467.642 262.902
5 206 465.322 269.164
6 206 464.452 265.978
7 206 468.436 262.085
8 206 459.251 264.367
9 206 463.165 270.203
10 206 465.415 266.015
11 206 465.503 267.387
12 206 471.944 261.899
13 206 462.456 267.441
14 206 465.964 268.62
0 207 373.968 115.483
1 207 367.988 120.408
2 207 370.747 116.347
3 207 375.736 116.851
4 207 371.975 121.166
5 207 369.417 117.288
6 207 370.558 119.508
7 207 369.59 122.665
8 207 372.076 117.601
9 207 367.997 121.909
10 207 371.235 122.906
11 207 361.383 120.704
12 207 365.367 114.866
13 207 369.964 117.393
14 207 368.259 118.966
0 211 274.719 148.277
1 211 286.203 157.704
2 211 285.445 152.125
3 211 278.403 161.977
4 211 280.466 161.396
5 211 279.137 153.762
6 211 275.049 155.072
7 211 276.604 163.777
8 211 278.85 157.999
9 211 279.819 160.893
10 211 280.295 153.211
11 211 282.933 157.595
12 211 279.617 156.755
13 211 282.01 158.399
14 211 279.586 153.401
0 212 440.113 321.85
1 212 438.909 325.493
2 212 436.407 314.625
3 212 434.223 325.62
4 212 443.718 324.636
5 212 437.03 325.85
6 212 437.564 326.648
7 212 442.466 321.267
8 212 439.126 323.837
9 212 438.386 328.752
10 212 439.023 323.418
11 212 436.267 319.259
12 212 439.351 331.811
13 212 437.624 326.817
14 212 442.688 330.693
0 213 160.397 150.84
1 213 161.956 156.787
2 213 161.044 153.251
3 213 157.68 151.812
4 213 169.626 152.884
5 213 165.84 152.009
6 213 170.283 155.085
7 213 168.109 152.402
8 213 164.73 154.555
9 213 160.437 150.258
10 213 169.513 155.04
11 213 162.38 158.182
12 213 163.009 159.85
13 213 167.499 156.737
14 213 165.132 153.131
0 214 626.731 206.249
1 214 629.564 204.272
2 214 630.68 205.349
3 214 633.112 206.226
4 214 636.161 204.608
5 214 631.455 210.079
6 214 633.067 204.686
7 214 628.806 203.245
8 214 626.315 204.988
9 214 628.55 201.818
10 214 623.1 206.385
11 214 624.953 207.78
12 214 627.418 209.388
13 214 621.107 211.779
14 214 628.928 207.229
0 215 137.789 232.419
1 215 136.108 232.342
2 215 138.779 236.291
3 215 138.965 232.546
4 215 145.069 231.333
5 215 145.011 234.185
6 215 139.928 233.895
7 215 137.652 238.241
8 215 134.292 234.618
9 215 140.515 234.332
10 215 135.652 232.026
11 215 135.308 235.717
12 215 139.429 232.173
13 215 136.627 232.925
14 215 146.202 238.3
0 216 594.46 142.162
1 216 598.849 145.004
2 216 598.762 143.25
3 216 600.582 144.023
4 216 598.916 144.169
5 216 592.834 141.955
6 216 586.278 145.94
7 216 595.557 146.593
8 216 600.661 143.134
9 216 598.475 143.108
10 216 603.491 143.102
11 216 596.826 139.868
12 216 597.877 142.17
13 216 596.812 142.107
14 216 605.583 144.675
0 218 7.5582 179.594
1 218 6.20971 173.136
2 218 2.24996 174.557
3 218 7.39041 173.552
4 218 2.34626 179.24
5 218 4.2775 168.293
6 218 6.54788 170.436
7 218 11.8908 175.512
8 218 8.681 171.016
9 218 6.35232 168.709
10 218 5.87913 169.783
11 218 7.27754 166.781
12 218 7.63408 170.563
13 218 10.9519 169.047
14 218 11.2642 176.367
0 219 12.6897 276.688
1 219 21.2781 279.769
2 219 20.9916 280.733
3 219 13.6713 277.83
4 219 17.4076 283.063
5 219 23.1687 274.709
6 219 17.0825 280.82
7 219 24.8979 280.128
8 219 18.7317 279.992
9 219 13.407 280.033
10 219 20.7313 285.685
11 219 15.4351 277.449
12 219 15.2791 276.916
13 219 14.3427 277.695
14 219 20.6286 282.311
0 224 261.914 240.482
1 224 261.359 239.917
2 224 268.472 240.37
3 224 259.704 237.492
4 224 260.083 239.073
5 224 258.147 239.981
6 224 265.229 241.629
7 224 258.88 236.209
8 224 265.589 236.753
9 224 264.924 242.768
10 224 264.912 236.592
11 224 265.253 241.741
12 224 260.81 233.255
13 224 265.778 237.523
14 224 260.07 235.132
0 227 540.555 331.767
1 227 543.29 332.128
2 227 540.665 324.865
3 227 540.132 335.909
4 227 542.241 333.566
5 227 535.457 336.775
6 227 543.534 331.354
7 227 543.511 331.302
8 227 544.934 330.088
9 227 542.223 326.463
10 227 541.517 333.189
11 227 538.283 331.909
12 227 541.611 331.442
13 227 540.433 330.151
14 227 539.718 329.412
0 229 459.818 158.084
1 229 459.82 155.077
2 229 456.755 159.108
3 229 457.401 155.679
4 229 457.141 153.689
5 229 462.033 160.629
6 229 459.402 156.068
7 229 459.199 158.761
8 229 456.043 149.689
9 229 455.972 158.874
10 229 461.736 152.855
11 229 457.028 161.831
12 229 456.69 153.662
13 229 458.167 151.335
14 229 461.335 156.646
0 230 634.757 195.398
1 230 633.854 191.48
2 230 635.81 196.421
3 230 635.182 191.924
4 230 632.953 197.382
5 230 631.177 192.677
6 230 641.991 196.983
7 230 637.582 189.205
8 230 637.376 192.554
9 230 633.156 193.089
10 230 628.927 196.185
11 230 637.182 191.678
12 230 636.703 191.479
13 230 634.743 195.493
14 230 638.518 196.488
0 232 476.583 320.445
1 232 476.428 320.554
2 232 476.415 318.93
3 232 474.635 324.526
4 232 483.289 317.185
5 232 479.148 322.267
6 232 474.173 318.981
7 232 478.572 327.218
8 232 476.84 320.068
9 232 473.956 319.399
10 232 477.185 318.631
11 232 477.131 318.563
12 232 482.709 322.478
13 232 473.332 318.781
14 232 476.228 319.326
0 233 171.06 348.117
1 233 168.497 355.942
2 233 167.589 341.272
3 233 170.52 346.144
4 233 166.759 347.711
5 233 167.235 346.235
6 233 170.727 351.029
7 233 168.309 348.811
8 233 168.339 349.08
9 233 170.051 349.404
10 233 170.095 352.148
11 233 166.438 350.527
12 233 170.821 351.627
13 233 158.046 354.051
14 233 169.456 349.968
0 234 564.625 186.657
1 234 565.536 184.75
2 234 567.676 186.259
3 234 567.537 187.386
4 234 569.205 184.893
5 234 569.181 190.631
6 234 567.832 186.876
7 234 565.379 181.402
8 234 567.732 183.655
9 234 568.063 188.075
10 234 570.828 184.637
11 234 566.758 185.327
12 234 566.656 183.342
13 234 564.624 185.13
14 234 564.165 193.616
0 236 71.3859 134.419
1 236 73.4321 130.397
2 236 72.783 128.658
3 236 73.6478 125.379
4 236 75.0951 125.862
5 236 73.611 124.67
6 236 74.5545 131.504
7 236 73.3036 129.328
8 236 73.0244 133.852
9 236 72.6357 131.368
10 236 71.8638 128.203
11 236 72.2153 127.077
12 236 73.1578 124.805
13 236 77.2104 129.007
14 236 78.2438 135.109
0 239 133.598 228.796
1 239 133.414 232.301
2 239 132.74 232.796
3 239 130.328 226.642
4 239 139.019 229.284
5 239 132.886 226.985
6 239 134.629 231.207
7 239 139.726 232.524
8 239 131.743 231.448
9 239 128.805 232.723
10 239 132.563 233.111
11 239 129.891 233.222
12 239 137.325 232.384
13 239 135.619 232.725
14 239 133.77 232.109
0 240 392.855 145.109
1 240 391.539 148.789
2 240 385.08 143.672
3 240 392.007 149.049
4 240 390.5 147.166
5 240 385.962 146.557
6 240 388.601 141.695
7 240 390.034 152.127
8 240 391.17 145.132
9 240 388.979 151.979
10 240 396.995 146.754
11 240 391.694 143.213
12 240 392.164 144.656
13 240 393.214 149.843
14 240 388.675 150.027
0 242 516.654 262.752
1 242 515.292 264.678
2 242 514.861 267.157
3 242 513.586 262.824
4 242 514.745 259.136
5 242 511.364 263.165
6 242 514.196 265.828
7 242 511.138 264.713
8 242 520.694 256.978
9 242 512.732 264.157
10 242 516.616 264.35
11 242 518.208 266.282
12 242 514.284 265.84
13 242 514.544 262.018
14 242 512.222 260.966
0 243 444.78 171.296
1 243 447.838 171.161
2 243 439.983 164.802
3 243 446.047 166.581
4 243 443.123 173.698
5 243 441.044 169.514
6 243 440.857 170.985
7 243 440.876 174.525
8 243 443.311 169.773
9 243 451.554 166.266
10 243 444.303 164.728
11 243 447.608 168.578
12 243 447.905 164.748
13 243 439.725 164.969
14 243 445.748 162.158
0 245 344.911 154.289
1 245 338.091 150.343
2 245 334.612 155.315
3 245 346.375 148.509
4 245 342.998 152.276
5 245 338.529 154.36
6 245 336.187 156.664
7 245 342.649 154.977
8 245 338.959 154.25
9 245 339.036 153.767
10 245 335.607 150.352
11 245 339.878 153.286
12 245 342.674 153.636
13 245 337.057 152.37
14 245 341.443 144.69
0 246 475.002 184.489
1 246 477.375 182.577
2 246 481.208 184.991
3 246 480.136 183.06
4 246 476.746 182.903
5 246 478.898 186.684
6 246 477.116 187.182
7 246 481.596 190.75
8 246 478.847 185.354
9 246 481.011 182.822
10 246 478.952 187.349
11 246 482.988 182.364
12 246 476.318 178.467
13 246 476.214 184.561
14 246 483.748 182.113
0 247 128.564 224.472
1 247 134.753 219.289
2 247 127.781 217.929
3 247 131.729 222.433
4 247 131.749 216.51
5 247 131.575 227.798
6 247 130.335 220.14
7 247 127.139 221.696
8 247 134.645 223.581
9 247 133.542 217.507
10 247 129.38 222.752
11 247 130.698 218.384
12 247 124.686 225.362
13 247 131.19 223.714
14 247 127.22 220.241
0 248 83.8376 196.841
1 248 94.9291 196.429
2 248 85.2357 195.349
3 248 89.1306 202.015
4 248 85.4736 193.8
5 248 87.5412 191.429
6 248 90.8844 189.467
7 248 85.4712 194.441
8 248 86.4578 195.972
9 248 91.6362 197.509
10 248 90.4396 192.572
11 248 87.6652 191.222
12 248 84.167 193.958
13 248 85.3413 193.894
14 248 85.0868 196.379
0 249 472.218 178.682
1 249 466.461 176.319
2 249 469.102 171.794
3 249 467.942 170.297
4 249 465.179 170.68
5 249 466.059 179.051
6 249 464.621 174.731
7 249 462.432 180.245
8 249 466.119 174.825
9 249 467.234 175.483
10 249 468.352 171.475
11 249 469.526 173.129
12 249 464.77 175.47
13 249 468.268 174.253
14 249 467.745 174.069
0 251 459.689 190.047
1 251 459.141 188.817
2 251 460.313 186.336
3 251 459.898 187.981
4 251 462.562 189.575
5 251 464.179 194.266
6 251 460.643 186.84
7 251 462.128 193.134
8 251 460.683 192.654
9 251 458.154 186.455
10 251 459.588 192.758
11 251 459.347 186.234
12 251 457.688 190.174
13 251 458.2 190.355
14 251 455.883 187.194
0 252 103.677 340.915
1 252 106.499 340.288
2 252 102.45 342.342
3 252 103.334 339.152
4 252 112.299 334.197
5 252 106.736 337.748
6 252 111.556 335.547
7 252 108.284 333.93
8 252 105.121 340.167
9 252 100.805 344.04
10 252 104.065 337.211
11 252 105.127 341.377
12 252 102.971 343.134
13 252 105.305 335.307
14 252 107.065 335.391
0 253 333.784 115.594
1 253 333.164 108.148
2 253 331.193 114.949
3 253 330.201 111.024
4 253 334.945 109.515
5 253 336.653 103.998
6 253 331.686 108.149
7 253 335.054 109.825
8 253 331.582 108.229
9 253 335.225 107.47
10 253 334.059 106.783
11 253 338.95 109.092
12 253 334.754 113.046
13 253 330.841 110.615
14 253 334.792 113.682
0 254 342.497 273.013
1 254 345.845 263.417
2 254 342.592 267.317
3 254 343.583 271.982
4 254 343.23 267.155
5 254 344.542 275.976
6 254 352.282 269.86
7 254 344.522 266.872
8 254 345.194 268.335
9 254 342.072 267.678
10 254 348.235 271.409
11 254 345.539 268.189
12 254 348.878 267.828
13 254 348.242 270.991
14 254 345.014 267.071
0 255 509.727 363.456
1 255 509.57 360.334
2 255 502.109 362.93
3 255 507.071 357.212
4 255 500.596 359.403
5 255 501.393 360.376
6 255 503.044 358.669
7 255 504.149 359.237
8 255 505.124 361.236
9 255 505.763 359.655
10 255 509.051 357.888
11 255 505.063 365.444
12 255 505.1 359.649
13 255 512.992 357.453
14 255 501.831 360.524
0 257 307.103 75.1674
1 257 304.797 73.5966
2 257 310.728 74.2335
3 257 309.682 75.9192
4 257 305.54 78.9411
5 257 306.419 73.0714
6 257 308.256 74.4447
7 257 310.33 73.3194
8 257 302.846 80.8986
9 257 313.273 75.5317
10 257 308.344 79.3229
11 257 306.102 76.9372
12 257 305.393 78.1597
13 257 308.715 81.8185
14 257 310.037 78.4031
0 258 613.205 304.187
1 258 611.594 301.997
2 258 611.211 299.31
3 258 613.646 300.937
4 258 608.591 305.798
5 258 609.397 304.538
6 258 616.457 310.428
7 258 613.683 301.893
8 258 612.323 303.79
9 258 613.638 303.289
10 258 611.367 302.848
11 258 613.146 304.619
12 258 609.221 302.141
13 258 612.717 303.903
14 258 616.254 299.675
0 261 69.6676 100.705
1 261 65.6888 107.108
2 261 72.818 100.047
3 261 66.0462 101.287
4 261 70.2062 100.629
5 261 72.0524 101.972
6 261 70.5102 106.042
7 261 69.5436 99.5056
8 261 65.8548 100.788
9 261 69.9577 107.107
10 261 69.7652 106.249
11 261 71.0373 101.834
12 261 68.864 103.172
13 261 70.0452 103.108
14 261 68.1519 108.408
0 263 71.9057 333.958
1 263 63.0802 332.817
2 263 65.9271 331.867
3 263 71.5165 332.806
4 263 68.7218 331.439
5 263 70.5761 334.833
6 263 68.1663 335.15
7 263 70.6365 340.139
8 263 71.5141 333.588
9 263 65.4566 341.164
10 263 73.2873 331.488
11 263 74.2594 337.338
12 263 67.4324 334.206
13 263 67.1559 325.836
14 263 70.551 331.408
0 264 559.961 314.582
1 264 562.113 314.208
2 264 558.517 316.831
3 264 553.883 314.641
4 264 557.628 316.168
5 264 558.7 315.188
6 264 562.195 317.004
7 264 563.099 313.078
8 264 563.789 317.298
9 264 556.713 315.811
10 264 560.601 316.301
11 264 559.461 310.523
12 264 559.415 315.175
13 264 557.658 312.703
14 264 564.469 319.966
0 265 557.414 267.427
1 265 551.707 268.675
2 265 555.422 262.444
3 265 554.921 268.543
4 265 554.564 263.967
5 265 554.927 264.28
6 265 558.105 264.045
7 265 555.102 265.477
8 265 559.936 264.931
9 265 554.029 270.92
10 265 551.607 268.859
11 265 552.484 265.203
12 265 551.234 263.767
13 265 557.549 266.429
14 265 556.416 265.77
0 267 7.03155 352.211
1 267 4.03336 362.512
2 267 5.00486 352.003
3 267 2.60783 359.373
4 267 2.81124 362.404
5 267 3.1459 357.109
6 267 5.55795 358.836
7 267 7.54651 355.643
8 267 4.61863 359.347
9 267 9.40899 356.778
10 267 -2.46982 353.825
11 267 3.30905 359.849
12 267 1.70639 357.809
13 267 11.5012 363.156
14 267 6.11891 352.758
0 268 604.09 158.953
1 268 600.893 158.412
2 268 605.268 158.439
3 268 601.627 156.785
4 268 603.812 156.495
5 268 601.175 164.081
6 268 603.876 159.122
7 268 600.362 156.05
8 268 597.284 164.807
9 268 605.791 158.922
10 268 602.135 162.229
11 268 607.538 164.781
12 268 604.267 159.211
13 268 605.23 160.06
14 268 603.516 165.294
0 269 104.628 318.172
1 269 108.908 323.283
2 269 102.094 321.224
3 269 102.405 320.24
4 269 108.671 318.624
5 269 105.388 320.083
6 269 101.177 318.049
7 269 105.747 323.841
8 269 100.084 323.122
9 269 107.673 317.653
10 269 104.671 316.912
11 269 104.594 319.766
12 269 103.419 316.964
13 269 106.139 319.152
14 269 97.6701 321.82
0 270 565.299 378.771
1 270 566.964 372.441
2 270 571.279 376.687
3 270 565.643 377.52
4 270 567.549 378.887
5 270 564.414 379.433
6 270 567.092 375.436
7 270 566.251 377.208
8 270 564.294 380.666
9 270 566.309 379.219
10 270 569.076 375.132
11 270 568.914 375.348
12 270 567.105 375.586
13 270 564.888 376.077
14 270 565.721 382.403
0 272 279.625 291.663
1 272 282.852 296.556
2 272 280.202 300.114
3 272 280.817 300.032
4 272 279.285 298.676
5 272 281.644 299.526
6 272 282.066 295.488
7 272 282.697 298.732
8 272 282.304 297.955
9 272 280.654 298.825
10 272 277.721 299.39
11 272 280.04 300.168
12 272 284.9 294.532
13 272 277.466 295.043
14 272 279.143 294.919
0 273 164.876 286.253
1 273 167.369 288.828
2 273 165.918 282.634
3 273 162.158 282.903
4 273 167.709 286.091
5 273 165.603 282.403
6 273 164.381 285.122
7 273 164.05 286.319
8 273 170.922 288.462
9 273 169.049 282.462
10 273 163.75 277.247
11 273 163.624 291.23
12 273 164.735 284.57
13 273 165.953 282.559
14 273 162.955 286.36
0 275 464.477 132.04
1 275 461.881 124.928
2 275 461.342 137.254
3 275 454.951 129.842
4 275 457.621 129.47
5 275 463.788 129.348
6 275 462.632 134.451
7 275 463.207 132.593
8 275 463.165 135.044
9 275 460.834 131.565
10 275 463.885 132.621
11 275 461.113 132.809
12 275 466.448 137.598
13 275 464.223 133.956
14 275 463.07 126.793
0 276 400.79 360.523
1 276 406.072 358.947
2 276 396.125 360.558
3 276 398.621 361.016
4 276 402.151 360.272
5 276 396.213 362.976
6 276 395.695 361.019
7 276 401.843 364.864
8 276 403.526 367.242
9 276 400.513 361.963
10 276 393.789 359.099
11 276 394.726 358.594
12 276 398.618 362.781
13 276 396.657 361.939
14 276 398.135 362.482
0 277 344.332 297.064
1 277 350.714 288.817
2 277 350.359 290.25
3 277 348.813 293.05
4 277 349.475 288.873
5 277 347.969 294.778
6 277 344.862 295.782
7 277 344.991 293.932
8 277 349.155 294.363
9 277 343.775 289.732
10 277 348.571 293.761
11 277 347.791 291.745
12 277 347.429 293.803
13 277 347.814 289.168
14 277 348.253 295.235
0 278 561.998 374.756
1 278 562.31 377.611
2 278 563.547 371.356
3 278 560.44 372.101
4 278 561.862 374.857
5 278 558.816 377.036
6 278 568.051 371.052
7 278 563.157 376.257
8 278 568.259 371.979
9 278 561.684 372.792
10 278 568.526 374.728
11 278 557.653 374.692
12 278 561.87 373.852
13 278 561.815 377.929
14 278 560.355 370.045
0 279 331.883 92.7299
1 279 331.945 88.5268
2 279 336.871 95.921
3 279 332.894 93.2453
4 279 330.488 94.5071
5 279 337.238 92.7088
6 279 329.202 84.7237
7 279 329.125 92.036
8 279 339.215 88.5237
9 279 336.785 90.7733
10 279 334.521 94.3659
11 279 331.81 91.6566
12 279 336.252 96.8276
13 279 339.657 92.9622
14 279 332.848 87.2781
0 280 280.36 151.556
1 280 281.824 152.424
2 280 277.666 150.631
3 280 278.895 153.441
4 280 279.009 155.33
5 280 282.49 155.981
6 280 275.8 156.924
7 280 286.165 152.132
8 280 281.59 162.014
9 280 279.749 157.222
10 280 275.843 154.217
11 280 276.373 157.739
12 280 281.766 159.578
13 280 277.789 151.58
14 280 279.265 157.508
0 281 256.235 185.24
1 281 255.827 176.18
2 281 254.288 181.218
3 281 252.699 175.35
4 281 260.198 181.008
5 281 254.225 175.688
6 281 255.83 180.61
7 281 256.342 178.528
8 281 257.043 177.272
9 281 254.012 176.794
10 281 254.334 178.339
11 281 263.971 188.557
12 281 260.83 183.512
13 281 253.654 178.454
14 281 257.972 180.989
0 283 561.909 120.502
1 283 567.111 120.913
2 283 568.824 119.029
3 283 559.697 125.251
4 283 562.003 114.115
5 283 561.713 121.343
6 283 562.078 117.923
7 283 563.375 121.599
8 283 563.139 120.305
9 283 563.795 121.82
10 283 562.114 122.939
11 283 560.504 113.142
12 283 567.155 117.638
13 283 565.109 121.712
14 283 561.137 122.972
0 287 414.354 209.656
1 287 416.475 202.061
2 287 406.462 200.61
3 287 412.974 203.882
4 287 414.651 201.225
5 287 416.646 202.941
6 287 412.296 208.326
7 287 413.121 206.931
8 287 416.009 200.033
9 287 414.105 203.481
10 287 411.103 204.702
11 287 413.699 207.083
12 287 416.902 202.617
13 287 408.137 204.238
14 287 413.318 206.736
0 288 350.196 294.876
1 288 350.717 296.401
2 288 351.388 296.228
3 288 355.355 294.627
4 288 356.117 293.998
5 288 350.241 290.919
6 288 353.031 294.693
7 288 347.201 294.412
8 288 353.659 293.362
9 288 349.488 297.214
10 288 354.648 297.116
11 288 348.811 297.38
12 288 352.176 295.796
13 288 358.666 289.66
14 288 351.36 296.53
0 289 390.157 336.419
1 289 385.811 334.073
2 289 385.856 328.477
3 289 388.268 333.161
4 289 382.296 337.025
5 289 387.196 335.48
6 289 384.673 334.296
7 289 390.758 335.024
8 289 392.049 332.574
9 289 386.739 330.878
10 289 384.225 336.123
11 289 385.503 337.337
12 289 387.357 336.78
13 289 384.858 337.381
14 289 388.487 335.788
0 290 545.414 170.99
1 290 539.38 167.551
2 290 538.915 163.479
3 290 550.242 171.023
4 290 545.398 173.61
5 290 543.011 167.636
6 290 541.333 167.498
7 290 546.274 170.132
8 290 537.396 168.884
9 290 543.103 169.33
10 290 538.018 174.705
11 290 540.774 171.882
12 290 543.995 164.798
13 290 543.203 171.031
14 290 538.735 163.347
0 292 512.292 206.473
1 292 518.059 211.239
2 292 515.7 206.338
3 292 513.11 216.015
4 292 516.174 213.021
5 292 514.845 212.928
6 292 520.154 209.676
7 292 517.118 212.054
8 292 515.543 209.966
9 292 509.359 211.724
10 292 514.608 206.615
11 292 517.069 212.905
12 292 510.663 213.972
13 292 519.285 207.906
14 292 518.13 210.382
0 293 568.932 330.384
1 293 571.686 326.768
2 293 575.503 325.362
3 293 570.688 328.946
4 293 571.556 329.404
5 293 570.151 331.828
6 293 572.876 327.472
7 293 572.219 329.654
8 293 573.703 329.241
9 293 566.782 324.118
10 293 567.863 329.451
11 293 577.37 326.746
12 293 570.591 329.808
13 293 571.059 328.562
14 293 574.831 331.924
0 294 329.51 279.056
1 294 334.116 282.046
2 294 336.926 277.825
3 294 330.129 274.864
4 294 331.427 272.838
5 294 332.194 279.475
6 294 334.608 275.287
7 294 332.297 280.653
8 294 330.579 271.647
9 294 333.513 281.162
10 294 334.466 272.628
11 294 334.994 276.331
12 294 333.685 282.502
13 294 332.993 273.777
14 294 332.081 275.904
0 295 389.789 245.279
1 295 381.378 239.175
2 295 381.557 241.074
3 295 387.885 239.967
4 295 388.787 241.03
5 295 388.256 234.925
6 295 381.591 235.857
7 295 385.203 239.613
8 295 383.158 243.168
9 295 384.48 240.766
10 295 388.433 240.191
11 295 385.737 240.041
12 295 384.25 238.381
13 295 385.103 246.82
14 295 386.307 233.18
0 296 524.981 113.373
1 296 532.415 116.368
2 296 533.099 116.142
3 296 526.179 114.832
4 296 525.027 115.663
5 296 528.72 108.894
6 296 521.396 112.242
7 296 525.026 114.342
8 296 523.368 109.92
9 296 523.365 112.39
10 296 531.202 111.373
11 296 532.348 115.916
12 296 528.529 112.297
13 296 528.278 107.649
14 296 530.592 114.007
0 297 19.5428 148.619
1 297 27.8209 140.73
2 297 22.8899 138.632
3 297 21.0048 133.951
4 297 25.7234 136.78
5 297 25.7422 140.683
6 297 25.8113 140.216
7 297 22.658 146.403
8 297 29.6453 139.052
9 297 22.1399 142.858
10 297 23.7081 139.273
11 297 24.0107 138.964
12 297 25.8123 134.829
13 297 22.9522 140.417
14 297 21.1031 143.421
0 299 455.148 155.036
1 299 448.731 159.208
2 299 452.281 153.95
3 299 453.19 150.547
4 299 453.276 151.961
5 299 454.86 154.686
6 299 454.721 159.883
7 299 459.183 158.115
8 299 454.504 159.546
9 299 454.082 158.14
10 299 454.067 156.096
11 299 451.639 154.947
12 299 453.865 153.106
13 299 458.03 152.23
14 299 452.043 150.957
 0
 0
 0
-1
 0
 0
    0
    0
    0
-0.96
    0
    0
    0
    0
    0
-0.92
    0
    0
    0
    0
    0
-0.88
    0
    0
    0
    0
    0
-0.84
    0
    0
   0
   0
   0
-0.8
   0
   0
    0
    0
    0
-0.76
    0
    0
    0
    0
    0
-0.72
    0
    0
    0
    0
    0
-0.68
    0
    0
    0
    0
    0
-0.64
    0
    0
   0
   0
   0
-0.6
   0
   0
    0
    0
    0
-0.56
    0
    0
    0
    0
    0
-0.52
    0
    0
    0
    0
    0
-0.48
    0
    0
    0
    0
    0
-0.44
    0
    0
 0.20935
-1.85845
 3.17425
-0.58569
 1.69246
 5.81966
-0.0736394
  -2.08042
   3.92862
 -0.78958
-0.588151
  3.27477
 2.01266
0.758678
 2.62198
1.11409
1.15682
4.88184
-2.43323
 1.06485
 2.77849
-0.716615
 0.965911
  1.84706
-2.94481
0.109333
 4.65275
-0.857061
  1.98459
  3.12757
-0.740654
  1.80943
  3.89313
 0.551829
-0.386205
  3.94823
-1.33234
0.739134
 2.84835
 2.90385
0.680739
 3.54204
-1.26699
-1.53891
 3.91522
0.923205
0.191292
 2.55577
  2.11243
-0.940466
  2.30047
  1.25062
-0.309187
  3.72754
-2.37235
-1.06534
 4.68715
 0.76033
-1.00569
 2.31791
0.848324
0.973414
 2.90515
 -1.68752
-0.527847
   3.1943
0.717075
0.835961
 2.73763
-0.597853
 0.903399
   2.9717
    1.487
-0.159849
  3.27923
 1.52257
-1.44049
 1.93653
 0.897962
-0.189895
  3.86428
0.415255
-1.99655
 2.43778
 -1.32797
-0.230567
  3.39713
-2.52803
0.280156
 3.86665
   1.5848
-0.165888
  5.23471
 2.2937
1.82864
3.27671
0.587651
0.511852
  3.3299
0.0699134
 -1.28563
  4.17518
 -1.03071
-0.147705
  4.03787
1.40816
1.05621
4.58645
   1.56689
-0.0674424
   4.81548
-0.0569541
  0.173292
   3.34528
-0.427136
 -1.57959
  4.39975
0.233739
 -0.8613
 4.42013
 1.34136
-2.33821
 3.02465
-0.648501
 0.579736
  3.30545
-1.32393
0.769477
 3.21538
  2.00079
-0.730941
  3.33027
 -1.36108
-0.350876
  4.15965
 -1.63034
-0.644141
  2.94992
0.0173687
 0.316146
  2.21836
2.18955
1.07372
1.94573
0.66872
1.26698
 2.9115
0.753841
0.521371
 3.33714
-0.836578
  1.80358
  4.92128
-2.47338
 0.75096
 4.67437
0.221557
0.397157
  2.3811
0.585874
0.419135
 2.00877
0.284914
0.482664
 3.34453
-1.97536
0.604375
 4.00132
3.19533
1.40587
 4.8778
 0.461992
-0.968215
  3.58144
-0.0160601
  -1.27883
   1.19816
 0.004887
-0.466196
  1.82193
-2.09613
0.950339
 3.04193
 -1.89721
-0.231228
   3.7194
-0.263053
  1.43079
  4.70985
 1.41101
-0.81989
 3.52815
-1.51726
0.192346
 3.19624
 1.52224
0.533169
 3.11827
 1.50044
-1.07253
 3.95979
 2.14003
0.363263
 3.23351
 0.54703
-0.31574
 3.39078
-1.93078
0.942644
 4.93066
  0.62618
-0.691188
  2.71522
-1.25884
-1.28396
 1.95813
 -1.76881
-0.154916
     3.73
  2.04331
-0.565535
  4.46828
0.658728
0.130481
 3.11198
0.402182
-1.21502
 4.67109
 2.69058
0.532268
 2.15659
 -1.62458
-0.248871
  5.00286
 0.422873
-0.283096
  4.28623
-2.34057
 0.96395
 2.28942
 -1.36585
-0.188578
  3.77115
-0.0713104
 -0.284535
   5.20864
-1.02144
-2.45659
 3.94004
 -0.14421
-0.818406
  3.06882
0.281702
 -1.8474
 3.14549
-0.14638
0.503918
 5.07013
 2.71138
0.730841
 4.60258
-0.470291
  1.31355
  3.51162
-2.36251
-1.24064
   4.625
-2.51309
 1.66273
  3.8945
 0.81707
-1.17996
 2.78832
-0.413353
-0.801843
   2.5315
 0.176515
-0.191966
   2.7471
  -1.17097
-0.0624384
   4.20136
-2.16698
-1.82621
 3.01778
  1.55095
-0.170089
  4.36314
 -1.5683
0.489392
 1.92016
0.971333
0.622099
 4.40168
 2.12272
0.870978
 4.12956
 -0.005525
-0.0412026
   2.39949
2.28533
1.27631
3.57132
 -0.29309
-0.527693
  3.55682
0.494734
  1.2606
 2.33005
 0.450471
-0.801923
  3.99249
 -2.52593
-0.144292
  2.71665
-1.39984
 1.41161
 3.41579
0.139586
-1.74823
 2.91448
 -1.35753
-0.612929
  4.07792
 -1.4093
-1.86608
 2.61451
  1.24619
-0.662442
  3.38798
 0.904912
0.0188362
  2.93015
-0.879831
 -1.58675
  4.79644
0.143776
0.481282
 3.56294
-0.459912
 -0.98782
  4.77732
 -1.81469
-0.730529
  3.72087
-1.01907
-1.91631
 3.18905
 1.09783
-0.67904
 4.11766
1.92869
0.79672
1.70588
 1.05452
-1.48427
 3.59592
-2.20099
0.759434
 3.54992
  1.59697
-0.379232
  5.67819
-1.73324
0.174996
 3.02903
1.64258
1.23298
3.21696
 -1.97994
-0.770829
   2.5421
   1.0496
0.0259767
  2.16865
 -2.89218
-0.385454
  2.67063
-1.92302
0.910924
 2.34178
-0.413797
  1.79232
  2.76163
 2.57068
0.139322
  2.2154
-0.487945
 0.657345
  3.13513
-0.056603
  1.08276
  4.62424
 -1.3032
-2.71997
 3.85237
 1.46427
0.713859
 2.40689
-0.684122
-0.686514
  3.32686
  2.43204
-0.999912
  5.99534
 1.75759
-1.99255
 3.09857
 0.751334
-0.218467
  2.80102
 0.336363
-0.727793
  3.92361
-0.0389932
 -0.575154
   2.96402
-0.499596
0.0443117
  3.17649
0.510031
 -1.5006
 3.32998
2.63271
 1.4083
3.70376
 0.322719
-0.216746
  1.92951
  1.77972
-0.295685
  1.47739
-0.0273968
  0.868782
   2.71686
 2.49912
0.747072
 2.81344
1.28283
1.88402
3.66272
-0.140302
  -1.3731
  4.14883
-2.09546
 1.56389
 3.87919
0.695709
 0.26782
 3.12691
0.942119
 1.05392
 4.30507
 1.07348
-1.22613
 2.51687
-0.69689
0.364015
 4.03358
0.418271
0.650615
 4.45861
0.135294
 3.25823
 4.54661
-0.531219
 0.868287
  4.97607
0.497852
 1.36907
  2.4123
 3.41261
-1.01589
 2.73426
-0.143429
  1.32765
  3.16222
 2.13947
0.319884
 3.92384
 0.383829
-0.356034
  3.02958
 -2.66302
-0.430513
  6.03988
-0.672541
 0.229143
  3.85945
 -1.61326
-0.732955
  4.04902
0.947761
0.442305
  5.6939
-1.07766
 1.64988
 4.33271
2.39943
2.33206
3.27416
-2.10785
 1.39979
 3.05191
  1.61716
-0.474052
  2.66102
-0.208313
 0.372495
  2.00484
-0.466524
  1.33601
  4.30619
 -1.08523
-0.965718
  4.23911
0.0846033
 -1.03534
  6.03532
 2.32092
0.975433
 3.94409
 2.95579
-1.43081
 4.16712
   1.76638
-0.0180535
   4.64385
1.49344
0.16651
3.05286
-0.303067
   1.7368
  3.94402
0.0539077
 -1.95652
  3.05726
0.090231
 -1.4278
 4.77147
-1.0751
1.43734
1.66112
-1.45851
-1.25456
 2.37209
  1.54095
-0.713247
  4.26058
-0.586413
  -1.5728
  3.55277
-0.251325
 -1.08236
  4.43877
-0.335102
-0.627459
  3.33451
  -1.6198
-0.407141
  3.30494
  0.620731
-0.0879426
   3.40326
 0.332705
0.0401378
  2.98328
0.673039
0.413388
  3.0789
-0.346947
   1.0943
  1.56749
-0.499634
 -0.75829
  3.50793
-1.09492
0.220653
  3.0914
-0.653882
0.0671399
  4.02004
0.328338
0.937004
 4.49203
0.555733
0.301811
 5.07138
  3.01492
-0.755698
  2.61871
 1.33347
0.102635
 4.34852
 0.41326
-1.04246
 2.46628
0.691724
0.581912
 4.12067
-0.100513
-0.364544
  3.51088
-0.598659
  1.16787
  2.08372
-1.92989
-2.54233
 2.01362
2.52037
 1.8545
3.77983
-0.117152
0.0972196
  3.27175
  -2.2607
-0.470672
  2.25765
 -1.19036
-0.750538
   2.6662
 1.27771
-1.24829
 2.45134
-1.33984
0.175717
 4.39637
  1.9525
-2.47757
 1.87968
  0.95709
-0.126112
  2.94825
 1.66101
0.542929
 3.89587
1.47789
2.73138
4.38094
-0.227169
 0.196051
  3.84678
 1.32564
0.744022
 2.70912
-1.65511
 0.15505
 3.35584
-0.503149
  1.51444
  2.32544
  2.19058
0.0327474
  1.70063
-0.914417
  -1.6706
  3.79944
-2.92954
 1.18332
 3.56092
   1.29373
-0.0353572
   3.30334
-0.140893
-0.630899
  2.44405
 1.45791
0.182592
 2.65091
-1.72326
-2.09516
 3.06411
-0.780399
 -1.17558
  1.63198
  1.40327
-0.339659
  2.10534
-1.96853
-2.04362
 2.33695
 2.45072
0.144549
 1.97634
-0.805538
-0.906127
  1.92341
 2.01899
-1.25166
   3.716
2.27347
-1.5684
4.08752
-0.789257
 -1.86031
  3.79047
1.64186
1.48091
5.68971
-0.912574
  2.16141
  2.88321
 1.69702
-1.17914
   4.058
-1.44136
0.578684
 1.66237
-1.17368
0.381787
 3.79395
-2.16263
0.369454
 4.62045
  -1.03032
-0.0281194
   2.00156
0.425045
0.426056
 3.94009
0.525044
 1.31595
 5.48828
   1.22324
-0.0285503
   3.88242
 2.10818
-1.62884
 3.67229
 0.269483
-0.882294
   2.1813
0.176516
0.606637
 1.01386
0.908532
0.220646
  3.4374
0.821948
0.279175
 2.17686
-0.427616
 -1.19186
  3.76954
-0.541693
-0.527404
  3.50208
1.89712
1.33222
2.89119
-0.300042
 -1.74382
  1.42474
 1.07358
0.353663
  3.2486
-0.289468
 0.159039
  1.40687
0.289462
0.500098
 3.93953
  0.75924
-0.404611
  2.87339
 2.26321
0.831353
 2.58323
-1.77059
-1.22421
 5.22615
0.744527
-1.13388
 3.41862
0.913252
 2.53122
 2.31424
 -0.784907
-0.0257982
   2.74127
 -1.44301
-0.184856
  1.62171
 -1.63418
-0.906064
  3.26617
  -1.153
0.983807
 5.43533
0.452824
 0.41782
 2.18612
0.325666
0.154543
 3.05706
1.39469
1.25765
2.21657
-1.46679
0.587108
 3.62681
 -1.72472
-0.855713
  2.96878
  2.1411
-2.28501
 2.77207
1.01288
1.21568
1.98495
 0.181981
-0.404711
  2.37738
 0.807448
-0.374608
  3.23958
1.21455
 2.5197
2.20026
 0.259809
-0.111056
  2.55488
0.0563296
 -1.52285
  1.65314
-0.390836
 -1.18678
  2.98978
-0.184484
  1.07709
  3.37585
-0.553501
 -1.06025
  1.16094
 1.29313
-1.74711
 2.70619
-0.227104
  1.93261
  2.50729
-2.71391
 1.95514
 1.88854
-0.277319
 0.288997
   3.2964
 -2.2025
0.833522
 2.31847
    1.0254
-0.0533101
   4.37189
 2.63541
0.274563
 4.09698
-1.50704
0.114514
 2.07763
0.433358
0.508577
  2.3167
-0.434223
-0.179339
  2.55837
1.34153
1.89502
5.43961
 0.163899
-0.454638
  3.04237
0.256973
-1.28606
 3.19752
-1.43519
-1.01862
 1.92734
 0.873681
-0.364369
   2.2448
  1.91019
0.0179504
  4.67357
1.40514
1.13948
3.92372
  1.77748
-0.954955
  3.25917
 0.807892
-0.257641
  5.35589
 -2.46284
-0.664785
  4.02039
-0.362824
 0.806737
  3.06712
0.357233
0.794207
 2.22285
